 Am13
 =====

 Spelling: 1, b3, (5), b7, (9), (11), 13


 MOVEABLE BAR CHORD SHAPES:
 ---------------------------

 x  12 14 12 13 14


 5 7 5 5 7 5


 5 7 5 5 7 x


 x  12 10 12 10 14


 5 7 5 5 7 8


 5 7 5 5 7 7


 5 3 5 x 7 3


 5 7 5 x 7 8


 5 3 x 5 7 3


 5 3 x 4 7 3


 5 3 7 x 7 3


 5 3 x 7 7 3


 OTHER MOVEABLE SHAPES:
 -----------------------

 x  12 x  12 13 14


 x  12 10 12 12 14


 5 3 5 5 7 x


 5 x 5 5 7 5


 5 x 5 5 7 x


 5 3 5 5 7 5


 5 3 5 7 7 7


 x  12 10 12 x  14


 5 3 5 x 7 x


 5 3 5 x 7 7


 5 3 5 x x 2


 5 3 5 x 7 5


 5 x 5 5 7 7


 5 x 5 7 7 8


 5 x 5 5 7 8


 5 x x 5 7 3


 CHORD SHAPES USING OPEN STRINGS:
 ---------------------------------

 x 0 7 0 7 8


 x  0  14 12 13 14


 x  0  12 0  13 14


 x  0  12 12 13 14


 x 0 2 0 1 2


 x  0  10 11 8  8


 x  0  10 11 8  0


 x  0  14 0  13 14


 x 0 9 0 7 8


 x  0  9  11 8  8


 x  0  10 11 8  10


 x  0  10 11 8  x


 x 0 5 5 7 0


 x 0 5 7 7 8


 x  0  10 0  7  8


 x 0 5 5 7 8


 x 0 5 0 7 8


 x 0 5 5 7 5


 x 0 5 5 7 7


 5 3 5 0 0 2


 x 0 5 5 3 2


 x  0  x  12 13 14


 5 3 5 0 7 0


 5 x 5 5 7 0


 x  0  10 0  7  10


 x  0  10 11 8  12


 5 3 5 0 7 x


 x 0 5 5 0 2


 x 0 5 5 7 3


 x  0  10 12 13 14


 x  0  10 12 12 14


 Number of chord shapes listed:  59

 Chord shapes generated March 2002 by Howard Wright
