 Bm7add4
 ========

 Spelling: 1, b3, 4, (5), b7


 MOVEABLE BAR CHORD SHAPES:
 ---------------------------

 7 7 7 7 7 7


 x  14 12 14 12 12


 7 5 7 7 5 5


 7 5 7 x 5 5


 x 2 2 4 3 5


 x 2 2 2 3 2


 x  14 12 14 x  12


 x  x  9  9  10 10


 7 5 7 9 5 5


 7 5 x 7 5 5


 7  7  9  7  10 7


 7  7  7  9  7  10


 7  9  7  9  7  10


 7  7  7  7  7  10


 7  7  7  7  10 7


 7 7 x 7 5 5


 OTHER MOVEABLE SHAPES:
 -----------------------

 7 7 7 7 x x


 7  9  x  9  10 10


 7 5 7 9 x x


 7 5 7 x 5 x


 7 x 7 7 5 x


 7 5 7 9 7 7


 7  9  9  9  10 10


 7  x  x  9  10 10


 7 7 x 7 x 5


 7  x  7  9  10 10


 7 x 4 7 5 5


 7  x  9  9  10 10


 7 5 7 9 x 7


 7  x  7  9  7  10


 7 5 x x 5 5


 7 5 4 x 5 5


 CHORD SHAPES USING OPEN STRINGS:
 ---------------------------------

 x 2 0 2 0 0


 x 2 0 2 3 0


 7 5 7 7 0 0


 7 5 7 x 0 0


 7 7 7 7 0 0


 x 2 2 2 3 0


 x 2 4 2 3 0


 7 7 7 7 0 x


 x  14 12 14 12 0


 7 7 0 7 5 5


 7 x 7 7 7 0


 x  x  9  7  10 0


 7 7 7 7 x 0


 7 5 7 4 0 0


 7 5 7 7 x 0


 7 5 7 x 7 0


 x 2 x 2 3 0


 7  9  0  9  10 10


 7  9  0  9  10 0


 7 9 7 7 0 0


 7 x 7 7 0 0


 x 2 0 4 5 5


 x  14 12 14 x  0


 7 5 7 9 0 0


 7 7 0 7 0 5


 7  9  0  9  10 x


 7 x 7 7 5 0


 7 5 7 9 0 x


 7 5 7 x 5 0


 7 5 7 x x 0


 7  9  0  7  10 0


 Number of chord shapes listed:  63

 Chord shapes generated March 2002 by Howard Wright
