 C6/7
 =====

 Spelling: 1, 3, (5), 6, b7


 MOVEABLE BAR CHORD SHAPES:
 ---------------------------

 8 7 8 5 5 5


 8  10 8  9  10 8


 8  10 8  9  10 x


 x 3 5 3 5 5


 8 7 8 x 5 5


 8 x 7 5 5 6


 8 x 8 5 5 5


 8  7  7  9  11 x


 8  12 8  9  8  8


 8  12 8  9  10 8


 8  12 8  9  10 x


 8  10 8  x  10 12


 x 3 2 2 5 6


 x 3 7 3 5 6


 8 x 8 9 5 5


 x 3 7 3 5 5


 OTHER MOVEABLE SHAPES:
 -----------------------

 x 3 2 3 5 5


 8  x  8  9  10 x


 8  x  8  9  10 8


 x 3 2 3 x 5


 x 3 x 3 5 5


 8  7  8  x  10 x


 8  7  8  x  10 8


 8 7 8 x x 5


 8 x 7 9 x 6


 x  x  10 14 11 12


 8 7 7 x x 6


 8  x  7  9  11 x


 x 3 7 5 5 6


 8 x 7 x 5 6


 x  x  10 9  10 6


 8  x  x  9  10 6


 CHORD SHAPES USING OPEN STRINGS:
 ---------------------------------

 8  7  8  0  10 0


 8  10 8  0  10 0


 8  x  8  9  10 0


 8 7 8 0 5 5


 8  7  8  0  10 x


 8  7  8  x  10 0


 8  10 8  x  10 0


 8 7 8 0 x 5


 8  x  8  0  10 0


 8 7 7 0 x 6


 8 x 7 0 5 6


 8 x 8 0 5 5


 x  x  10 14 11 0


 8  10 7  0  11 0


 8  x  7  9  11 0


 8  12 10 0  11 0


 8  x  8  x  10 0


 x 3 7 0 5 6


 8  7  x  0  10 6


 8  7  7  0  11 0


 8  12 10 x  11 0


 8  10 7  x  11 0


 8  x  7  0  11 0


 8  7  7  0  11 x


 8  x  8  0  10 12


 8  7  7  x  11 0


 8  12 x  9  11 0


 8  12 8  0  10 0


 x 3 7 3 5 0


 8  12 x  12 11 0


 8  12 x  0  11 0


 Number of chord shapes listed:  63

 Chord shapes generated March 2002 by Howard Wright
