 C6/9
 =====

 Spelling: 1, 3, (5), 6, 9


 MOVEABLE BAR CHORD SHAPES:
 ---------------------------

 x 3 2 2 3 3


 x 3 2 2 3 x


 8 7 7 7 8 x


 8 7 5 7 5 5


 8 7 7 7 8 8


 8  7  7  7  8  10


 x 3 2 2 3 5


 8  7  7  7  10 x


 8 7 5 7 x 5


 8  7  7  9  x  10


 8 7 7 7 x 8


 8  7  7  x  8  10


 8  7  10 7  10 x


 8  7  7  7  x  10


 8 7 x 7 5 5


 8 x 7 7 5 5


 OTHER MOVEABLE SHAPES:
 -----------------------

 x  x  10 9  10 10


 8  x  10 9  10 10


 8  10 x  9  10 10


 8  x  7  9  10 10


 8 7 7 7 x x


 8  7  x  9  10 10


 x 3 2 x 3 5


 8  x  x  9  10 10


 8  7  10 x  10 10


 8 x 7 7 5 x


 8  x  7  9  x  10


 8  7  x  7  10 x


 8  7  x  x  10 10


 x 3 5 7 5 5


 8  7  x  7  10 10


 8 7 x 7 x 5


 CHORD SHAPES USING OPEN STRINGS:
 ---------------------------------

 x 3 2 2 3 0


 x 3 x 2 3 0


 x 3 2 0 3 5


 8 x 7 7 8 0


 x 3 5 2 3 0


 8 7 7 7 x 0


 8  7  10 0  10 10


 8  7  x  0  10 10


 8  10 7  7  x  0


 8 x 7 7 5 0


 8  7  x  7  10 0


 8  7  7  0  10 10


 8  10 12 0  10 0


 8  10 x  7  10 0


 8  x  10 7  10 0


 8  x  7  7  10 0


 8  7  7  0  x  10


 8 x 7 7 x 0


 8  12 12 0  10 0


 8  x  x  7  10 0


 x 3 7 7 5 0


 8  10 12 x  10 0


 8  x  12 9  10 0


 8  x  12 0  10 12


 8  x  12 12 10 0


 8  12 12 x  10 0


 x 3 7 5 3 0


 8  x  12 0  10 0


 8  12 12 0  x  0


 x 3 7 7 x 0


 x 3 7 0 3 0


 Number of chord shapes listed:  63

 Chord shapes generated March 2002 by Howard Wright
