 Cadd2add4
 ==========

 Spelling: 1, 2, 3, 4, 5


 MOVEABLE BAR CHORD SHAPES:
 ---------------------------

 8  8  10 9  8  10


 8  8  x  9  8  10


 8  8  12 9  8  8


 8  8  12 9  8  10


 8  8  12 10 8  12


 8 5 5 9 6 x


 x 3 3 7 5 3


 8  x  12 10 8  12


 8  8  12 9  8  12


 8  8  12 x  8  12


 8  8  12 12 8  12


 8  8  12 12 x  12


 OTHER MOVEABLE SHAPES:
 -----------------------

 8  10 12 10 x  12


 CHORD SHAPES USING OPEN STRINGS:
 ---------------------------------

 x 3 3 0 3 0


 8 8 0 0 8 0


 8 7 0 0 6 0


 x 3 2 0 3 1


 8 8 0 7 8 0


 8 8 0 9 8 0


 8 8 0 9 8 x


 8 7 0 0 6 x


 8 8 0 9 8 8


 8  10 0  10 8  0


 8 8 0 x 8 0


 8 7 0 0 6 8


 8 8 0 0 6 0


 8 8 x 7 8 0


 8  10 0  10 x  0


 8  7  0  10 8  0


 8 5 0 0 6 0


 8  8  0  10 8  0


 8  7  0  10 8  x


 8 8 0 0 5 0


 8 x 5 7 6 0


 8  x  0  10 8  0


 x 3 0 0 6 0


 8 8 0 0 5 x


 8 8 5 7 x 0


 8  10 0  7  6  0


 8  10 0  9  6  0


 8  7  0  10 8  8


 8  10 0  0  6  0


 x 3 5 7 6 0


 8 5 x 0 6 0


 Number of chord shapes listed:  44

 Chord shapes generated March 2002 by Howard Wright
