 Cmaj13
 =======

 Spelling: 1, 3, (5), 7, (9), (11), 13


 MOVEABLE BAR CHORD SHAPES:
 ---------------------------

 8  7  9  7  10 7


 8  x  9  9  10 8


 8  7  9  7  10 x


 8 7 9 5 5 5


 8  7  9  x  10 7


 8  7  x  9  10 7


 8  7  10 7  10 7


 8 7 9 x 5 5


 8 x 9 7 5 5


 8  7  10 x  10 7


 8  7  x  10 10 7


 8 x 9 5 5 5


 8 x 9 9 5 5


 8 x 9 x 5 5


 OTHER MOVEABLE SHAPES:
 -----------------------

 x 3 5 4 5 5


 8  10 9  9  10 x


 8  7  9  9  10 x


 8  7  9  10 10 10


 x 3 2 4 5 5


 8  x  9  9  10 10


 8  x  9  9  10 x


 x 3 x 4 5 5


 8  7  9  x  10 10


 x 3 2 4 x 5


 8  7  9  x  10 x


 8  x  9  10 10 12


 8  x  9  9  10 12


 8  x  x  9  10 7


 8  7  x  7  10 7


 8 7 9 x x 5


 CHORD SHAPES USING OPEN STRINGS:
 ---------------------------------

 8  10 9  0  10 0


 8  7  9  0  10 0


 8  7  9  0  10 10


 8  10 9  x  10 0


 8  x  9  9  10 0


 8  7  9  0  10 x


 8  x  9  10 10 0


 x 3 2 0 0 5


 x 3 2 4 0 5


 8  7  9  x  10 0


 8  x  9  7  10 0


 8 7 9 0 5 5


 8  x  9  0  10 0


 8 7 9 0 0 5


 8 7 5 0 0 5


 x 3 2 5 0 5


 8 7 x 0 0 5


 x 3 2 x 0 5


 8 7 x 7 0 5


 8 7 9 0 x 5


 8 7 9 x 0 5


 8  x  9  0  10 12


 8 7 5 x 0 5


 8 7 x 5 0 5


 8 7 x 9 0 5


 8  x  9  x  10 0


 8  7  x  0  10 7


 8  x  9  12 10 0


 8 7 x x 0 5


 8 x 9 0 5 5


 8 7 x 4 0 5


 Number of chord shapes listed:  61

 Chord shapes generated March 2002 by Howard Wright
