 Cmaj6/7
 ========

 Spelling: 1, 3, (5), 6, 7


 MOVEABLE BAR CHORD SHAPES:
 ---------------------------

 8 7 7 9 8 7


 8  7  7  9  10 7


 8 x 7 9 8 7


 8 7 7 9 x 7


 8 7 7 x 8 7


 8  x  9  9  10 8


 8 7 9 5 5 5


 8  7  9  x  10 7


 8  7  x  9  10 7


 8  10 7  9  x  7


 8  x  7  9  10 7


 8  7  7  x  10 7


 8 x 7 5 5 7


 8 x 7 9 x 7


 8 7 9 x 5 5


 8  7  10 x  10 7


 OTHER MOVEABLE SHAPES:
 -----------------------

 x 3 5 4 5 5


 8  10 9  9  10 x


 x  x  10 9  10 7


 8  7  9  9  10 x


 x 3 2 4 5 5


 8  x  9  9  10 x


 x 3 x 4 5 5


 x 3 2 4 x 5


 8  7  9  x  10 x


 8  12 10 12 12 12


 8  12 9  9  10 x


 8  x  9  9  10 12


 8  x  x  9  10 7


 x  x  10 14 12 12


 x 3 7 5 5 7


 x 3 7 4 5 5


 CHORD SHAPES USING OPEN STRINGS:
 ---------------------------------

 8 7 7 0 0 0


 x 3 2 2 0 0


 8 7 7 9 0 0


 8 7 7 0 0 x


 8  10 7  0  0  0


 8  10 9  0  10 0


 8 7 7 5 0 0


 8  10 7  9  0  0


 x 3 2 2 0 3


 x 3 2 2 0 x


 8 7 7 9 0 x


 x 3 5 2 0 0


 8 7 7 5 0 x


 8  7  9  0  10 0


 8  10 7  9  0  x


 8 7 7 0 0 8


 8 7 7 x 0 0


 8  10 9  x  10 0


 8 x 7 9 0 0


 8  x  9  9  10 0


 8  7  9  0  10 x


 x 3 2 0 0 5


 x 3 2 4 0 5


 8  7  9  x  10 0


 8  10 7  x  0  0


 8 x 7 9 0 x


 8 7 7 0 0 5


 8 7 7 0 0 7


 8 x 7 5 0 0


 8 7 7 x 0 8


 8 7 7 x 0 x


 Number of chord shapes listed:  63

 Chord shapes generated March 2002 by Howard Wright
