 C#9sus4
 ========

 Spelling: 1, 4, (5), b7, 9


 MOVEABLE BAR CHORD SHAPES:
 ---------------------------

 x 4 4 4 4 4


 9  9  9  11 9  11


 9 x 9 8 7 7


 9  9  9  11 12 11


 9  11 9  11 9  11


 9 9 x 8 7 7


 x 4 4 6 4 7


 9  11 9  11 x  11


 x  x  11 11 12 11


 9  9  9  11 x  11


 9  9  x  11 12 11


 x 4 4 4 4 7


 9  9  9  x  12 11


 9  9  11 x  12 11


 9  9  13 11 12 9


 9  9  13 11 12 x


 OTHER MOVEABLE SHAPES:
 -----------------------

 x 4 4 4 4 x


 9  11 11 11 12 11


 9 9 9 8 x x


 x 4 x 4 4 2


 9 x 9 8 7 x


 9  x  11 11 12 11


 9  11 x  11 12 11


 9 x 6 8 7 7


 9  x  9  11 9  11


 9  11 13 11 12 x


 9  x  x  11 12 11


 x 4 6 8 7 7


 9  x  9  11 12 11


 9  9  9  x  x  11


 9 9 x 8 x 7


 9  11 13 11 12 11


 CHORD SHAPES USING OPEN STRINGS:
 ---------------------------------

 9 9 9 8 0 x


 9  9  11 8  0  x


 9  11 x  11 0  11


 9 9 6 8 0 x


 9 9 x 8 0 9


 9 9 x 8 0 7


 9  x  11 11 0  11


 9 9 x 8 0 x


 9  9  9  x  0  11


 9  x  9  11 0  11


 9  9  x  8  0  11


 9  11 13 11 0  x


 9  9  11 x  0  11


 9  9  x  11 0  11


 9  x  x  11 0  11


 9  x  13 11 0  11


 9  9  x  x  0  11


 9  9  13 11 0  x


 9  x  13 11 0  x


 x 4 4 8 0 x


 9  x  13 11 0  9


 9  9  x  13 0  11


 9  9  13 x  0  11


 9  9  13 x  0  x


 x 4 4 8 0 7


 x 4 4 8 0 4


 9  9  13 13 0  x


 9  9  13 x  0  9


 Number of chord shapes listed:  60

 Chord shapes generated March 2002 by Howard Wright
