 C#m9
 =====

 Spelling: 1, b3, (5), b7, 9


 MOVEABLE BAR CHORD SHAPES:
 ---------------------------

 9 7 9 8 x 7


 9 7 x 8 9 7


 9  11 9  9  9  11


 9  11 9  9  12 11


 9  11 x  9  12 11


 9  x  11 9  12 11


 9  7  11 8  x  7


 9  11 9  9  x  11


 9  11 13 9  12 9


 9  11 13 9  12 x


 9  x  13 9  12 9


 9  x  13 9  12 x


 9  x  13 9  12 12


 9  x  13 9  12 11


 OTHER MOVEABLE SHAPES:
 -----------------------

 x 4 2 4 4 4


 9 7 9 8 x x


 x 4 2 4 4 x


 x  x  11 9  12 11


 9  7  9  9  9  11


 9  x  9  9  9  11


 9  7  9  9  x  11


 9  x  9  9  x  11


 9  7  9  x  x  11


 9 7 x 8 x 7


 9  x  9  9  12 11


 9  11 13 x  12 12


 9  11 x  8  12 12


 9  x  11 8  12 12


 9  x  x  9  12 11


 9  x  9  8  12 12


 CHORD SHAPES USING OPEN STRINGS:
 ---------------------------------

 9 7 9 8 0 0


 x 4 2 4 4 0


 9 7 9 8 0 x


 9 7 9 8 x 0


 9 x 9 8 9 0


 9 x 9 8 0 0


 x 4 x 4 4 0


 9 7 6 8 0 0


 9  11 9  8  0  0


 x 4 6 4 4 0


 9 7 6 8 0 x


 9 7 x 8 0 0


 9  7  11 8  0  0


 9  11 11 8  0  0


 9  x  9  9  0  11


 9  11 9  8  x  0


 9  11 x  8  0  0


 9  x  11 8  0  0


 9  7  11 8  0  x


 9 7 x 8 0 9


 9 7 x 8 0 x


 9  11 x  9  0  11


 9  x  11 9  0  11


 x 4 6 8 0 0


 9  7  9  x  0  11


 9 7 x 8 0 7


 9 x 9 8 x 0


 9  7  x  9  0  11


 9  11 13 x  0  0


 9 x 6 8 0 0


 9  11 13 9  0  0


 Number of chord shapes listed:  61

 Chord shapes generated March 2002 by Howard Wright
