 C#m7b5
 =======

 Spelling: 1, b3, b5, b7


 MOVEABLE BAR CHORD SHAPES:
 ---------------------------

 x 4 5 4 5 x


 9  10 11 9  12 9


 9  10 11 9  12 x


 9  10 9  9  12 9


 x 4 2 4 2 3


 x 4 5 4 5 7


 9 7 9 x 8 7


 9  10 9  9  12 x


 9 7 x 9 8 7


 9  10 x  9  12 9


 9  10 9  9  x  12


 9  10 x  9  12 x


 9  10 9  9  12 12


 9  7  11 x  8  7


 9  10 9  12 x  12


 9  10 9  x  12 12


 OTHER MOVEABLE SHAPES:
 -----------------------

 x 4 5 6 5 7


 x  x  11 12 12 12


 x 4 x 4 5 3


 9  10 11 12 12 12


 9  10 9  9  x  x


 x 4 2 4 x 3


 9 7 9 x 8 x


 9  10 11 x  12 12


 9  x  11 12 12 12


 9 x 9 9 8 x


 x 4 5 x 5 7


 9  10 x  12 12 12


 9 x x 9 8 7


 x  x  11 9  8  7


 9  x  9  12 12 12


 9  10 x  x  12 12


 CHORD SHAPES USING OPEN STRINGS:
 ---------------------------------

 9  10 9  0  0  0


 9 7 9 0 0 0


 9  10 11 0  0  0


 x 4 5 4 5 0


 x 4 5 4 0 0


 9 7 9 0 0 x


 x 4 2 0 0 0


 x 4 5 6 0 0


 x 4 5 0 0 0


 9  10 11 9  0  0


 9 7 9 0 x 0


 9 7 9 0 x x


 9  10 11 0  12 0


 9  10 11 12 0  0


 9  10 9  9  0  0


 9  10 9  0  8  0


 x 4 5 4 x 0


 9 7 9 0 8 0


 9  10 11 9  0  x


 9  10 9  0  x  0


 9  10 9  x  0  0


 x 4 5 4 2 0


 9 7 9 0 0 9


 9  10 9  9  0  x


 x 4 2 4 0 3


 9 7 9 0 8 x


 9  10 11 x  0  0


 9  10 9  x  8  0


 x 4 2 0 0 x


 x 4 5 0 5 7


 9 7 9 x 8 0


 Number of chord shapes listed:  63

 Chord shapes generated March 2002 by Howard Wright
