 C#m11
 ======

 Spelling: 1, b3, (5), b7, (9), 11


 MOVEABLE BAR CHORD SHAPES:
 ---------------------------

 x 4 2 4 2 2


 9 7 9 8 7 7


 9 7 9 9 7 7


 x 4 2 4 5 2


 x 4 2 4 4 2


 9 7 9 x 7 7


 x 4 2 4 x 2


 9  7  9  11 7  7


 9 7 x 9 7 7


 9  11 9  11 9  12


 9 x 9 9 7 7


 9 7 9 x 7 9


 9 7 x 8 7 7


 9  7  11 8  7  7


 9  7  9  11 x  7


 9  11 9  11 x  12


 OTHER MOVEABLE SHAPES:
 -----------------------

 x 4 x 4 5 2


 9  11 x  11 12 12


 9  7  9  11 x  x


 9 7 9 x 7 x


 9 x 9 9 7 x


 9  11 11 11 12 12


 9  7  9  11 9  9


 9  x  x  11 12 12


 9 x 6 9 7 7


 9  x  9  11 12 12


 9  7  9  11 x  9


 9  x  11 11 12 12


 9  x  9  11 9  12


 9 7 6 x 7 7


 9 7 x 6 7 7


 9 7 x x 7 7


 CHORD SHAPES USING OPEN STRINGS:
 ---------------------------------

 9  11 9  11 0  0


 x 4 2 4 0 2


 9  7  9  11 0  0


 9  11 9  11 x  0


 9 x 9 8 7 0


 9  11 11 11 0  0


 9  11 x  11 0  0


 9  x  9  11 0  0


 9  7  9  11 0  x


 9 x 9 9 7 0


 x 4 6 4 7 0


 9 7 9 x 7 0


 9  7  9  11 x  0


 9  11 x  11 12 0


 9  x  9  11 9  0


 9  x  11 11 0  0


 9 x 9 6 7 0


 x 4 2 x 0 2


 9  11 x  11 0  12


 9  x  11 11 12 0


 9  11 13 11 0  0


 9  x  9  11 7  0


 x 4 2 1 0 2


 9  x  11 11 0  12


 9  x  9  11 12 0


 9  x  9  11 x  0


 9  x  9  11 0  12


 9 x 9 x 7 0


 9  7  x  11 0  0


 x 4 x 4 7 0


 9  7  11 11 0  0


 Number of chord shapes listed:  63

 Chord shapes generated March 2002 by Howard Wright
