 C#7#9
 ======

 Spelling: 1, 3, (5), b7, #9


 MOVEABLE BAR CHORD SHAPES:
 ---------------------------

 9  11 9  10 9  12


 9  11 9  9  12 13


 9  11 9  9  9  13


 9 x 6 9 6 7


 9  11 x  9  12 13


 9  x  11 9  12 13


 9  11 9  9  x  13


 OTHER MOVEABLE SHAPES:
 -----------------------

 x 4 3 4 5 x


 x 4 3 4 5 4


 x  x  11 10 12 12


 9 8 9 9 x x


 9 8 9 9 9 9


 9  x  11 10 12 12


 9  11 x  10 12 12


 9  x  9  10 9  12


 9  x  9  10 12 12


 9 8 x 9 x 7


 9  8  9  9  12 x


 9  8  9  9  12 9


 9  x  x  10 12 12


 x 4 3 x 5 7


 9  8  x  10 12 12


 9 x 9 9 6 x


 CHORD SHAPES USING OPEN STRINGS:
 ---------------------------------

 x 4 3 4 0 0


 9  8  9  10 0  0


 9 8 9 9 0 0


 x 4 3 4 2 0


 x 4 3 4 5 0


 9 8 9 9 0 x


 9  8  9  10 x  0


 9  11 9  10 0  0


 9 8 9 6 0 0


 x 4 3 1 0 0


 x 4 3 4 6 0


 9  8  11 10 0  0


 9 8 9 9 x 0


 9 8 9 x 9 0


 9 8 9 x 0 0


 x 4 3 4 x 0


 x 4 6 4 6 0


 9 8 6 9 0 0


 9  11 11 10 0  0


 9  11 9  10 x  0


 9  x  9  10 9  0


 x 4 3 6 0 0


 9 8 x 9 0 0


 9  x  9  10 0  0


 9 8 6 9 0 x


 9  8  x  10 0  0


 9 8 6 x 0 0


 9 8 9 6 x 0


 9  x  11 10 0  0


 9  8  11 9  0  0


 9 8 6 6 0 0


 Number of chord shapes listed:  54

 Chord shapes generated March 2002 by Howard Wright
