 C#maj7b5
 =========

 Spelling: 1, 3, b5, 7


 MOVEABLE BAR CHORD SHAPES:
 ---------------------------

 9  8  10 10 8  8


 9  8  11 10 8  8


 x 4 3 5 6 3


 x  x  11 10 8  8


 9  8  10 x  8  8


 9  10 x  10 8  8


 x 4 3 5 x 3


 9  8  x  10 8  8


 9  10 10 10 x  9


 9  x  11 10 8  8


 9  x  10 10 8  8


 9  8  11 x  8  8


 9  8  10 12 8  8


 9  8  10 x  8  9


 9  8  11 12 8  8


 9  8  10 12 x  8


 OTHER MOVEABLE SHAPES:
 -----------------------

 x  x  11 12 13 13


 x 4 5 5 6 x


 9  10 10 10 x  x


 9  8  10 x  8  x


 9  10 11 10 13 x


 9  x  10 10 8  x


 x 4 x 5 6 3


 9  10 x  10 x  8


 x 4 5 6 6 8


 x 4 5 5 6 8


 9  8  10 12 x  x


 x 4 3 x 1 3


 9  10 10 10 13 x


 9 8 x 6 8 8


 9  x  11 12 13 13


 9  10 11 x  13 13


 CHORD SHAPES USING OPEN STRINGS:
 ---------------------------------

 9  8  10 0  8  x


 9  8  10 0  x  x


 x 4 3 0 1 1


 9  8  10 0  8  8


 x 4 3 0 1 x


 9  8  10 0  x  8


 x 4 3 0 1 3


 9  8  10 0  6  x


 9  8  10 0  x  9


 9  10 11 0  13 13


 x 4 5 0 6 8


 9  8  11 0  8  8


 9 8 x 0 8 8


 x 4 5 0 1 1


 9  8  11 0  x  8


 9 8 x 0 6 8


 9  10 10 0  13 13


 9  10 x  0  6  8


 9  x  11 0  13 13


 9  x  10 0  6  8


 x 4 x 0 6 8


 9 8 5 0 8 8


 9  10 10 0  x  13


 9  10 x  0  13 13


 9  x  10 0  13 13


 9 8 x 0 x 8


 9  10 10 0  6  x


 x 4 x 0 1 1


 9  x  10 0  6  x


 9 8 5 0 x 8


 9  x  10 0  6  9


 Number of chord shapes listed:  63

 Chord shapes generated March 2002 by Howard Wright
