 D13sus4
 ========

 Spelling: 1, 4, (5), b7, (9), (11), 13


 MOVEABLE BAR CHORD SHAPES:
 ---------------------------

 10 12 10 12 12 10


 10 12 10 12 12 10


 10 10 10 12 12 10


 10 10 10 12 12 10


 10 12 10 12 12 x


 10 12 10 12 12 x


 x 5 5 5 8 7


 x 5 5 5 8 7


 x 5 7 5 8 7


 x 5 7 5 8 7


 10 10 10 12 12 x


 10 10 10 12 12 x


 10 10 10 12 12 12


 10 10 10 12 12 12


 10 x  10 7  8  7


 10 x  10 7  8  7


 OTHER MOVEABLE SHAPES:
 -----------------------

 10 x  10 12 12 12


 10 x  10 12 12 12


 10 10 10 x  12 x


 10 x  10 12 12 10


 10 x  10 12 12 10


 10 x  10 12 12 x


 10 x  10 12 12 x


 10 x  10 x  8  7


 10 x  10 x  8  7


 x 5 x 5 8 7


 x 5 x 5 8 7


 10 10 x  x  12 8


 10 10 10 x  x  7


 10 x  x  12 12 8


 10 x  x  12 12 8


 CHORD SHAPES USING OPEN STRINGS:
 ---------------------------------

 10 12 10 0  12 0


 x x 0 5 8 7


 x x 0 5 8 7


 10 10 10 0  12 0


 10 12 10 0  12 12


 10 12 10 0  12 x


 10 10 10 0  12 x


 10 10 10 0  12 12


 10 10 10 x  12 0


 10 x  10 0  12 0


 10 x  10 0  12 12


 10 x  10 0  8  7


 10 x  10 0  8  7


 10 x  10 0  12 x


 10 x  10 12 12 0


 10 x  10 12 12 0


 10 x  10 0  12 10


 10 x  10 0  12 8


 10 10 x  0  12 8


 10 x  10 0  10 7


 x  x  0  12 12 8


 x  x  0  12 12 8


 10 10 10 0  x  7


 10 x  10 0  x  7


 10 x  12 0  12 8


 10 12 x  0  12 8


 x  x  0  0  12 8


 10 x  x  0  12 8


 Number of chord shapes listed:  59

 Chord shapes generated March 2002 by Howard Wright
