 D6/7
 =====

 Spelling: 1, 3, (5), 6, b7


 MOVEABLE BAR CHORD SHAPES:
 ---------------------------

 10 9  10 7  7  7


 10 12 10 11 12 10


 10 12 10 11 12 x


 x 5 7 5 7 7


 10 9  10 x  7  7


 10 x  10 7  7  7


 10 9  9  11 13 x


 10 x  9  7  7  8


 10 14 10 11 10 10


 10 14 10 11 12 10


 10 14 10 11 12 x


 10 12 10 x  12 14


 x 5 4 4 7 8


 x 5 9 5 7 8


 10 x  10 11 7  7


 x 5 9 5 7 5


 OTHER MOVEABLE SHAPES:
 -----------------------

 x 5 4 5 7 7


 10 x  10 11 12 10


 10 x  10 11 12 x


 x 5 4 5 x 7


 x 5 x 5 7 7


 10 9  10 x  12 x


 10 9  10 x  12 10


 10 x  9  11 x  8


 10 9  10 x  x  7


 10 9  9  x  x  8


 x 5 9 7 7 8


 10 x  9  11 13 x


 10 x  9  x  7  8


 x  x  12 11 12 8


 x 5 4 4 1 x


 x 5 x 4 1 2


 CHORD SHAPES USING OPEN STRINGS:
 ---------------------------------

 10 9  10 11 0  x


 x 5 4 5 0 5


 x 5 4 5 0 x


 10 12 10 11 0  x


 x x 0 4 1 2


 x x 0 5 7 7


 10 9  10 7  0  x


 x 5 4 5 0 7


 10 9  10 x  0  x


 10 9  10 x  0  10


 10 9  10 x  0  8


 10 x  10 11 0  10


 10 x  10 11 0  x


 x 5 4 5 0 2


 10 x  9  11 0  8


 10 x  10 11 0  8


 10 9  10 x  0  7


 10 9  x  11 0  8


 10 9  7  x  0  8


 10 9  x  7  0  8


 10 9  9  x  0  8


 x  x  0  11 12 8


 x x 0 4 7 8


 x 5 4 5 0 8


 x x 0 5 0 2


 x  x  0  11 0  8


 10 9  12 x  0  8


 10 x  12 11 0  8


 x 5 4 7 0 8


 x 5 x 5 0 2


 10 12 x  11 0  8


 Number of chord shapes listed:  63

 Chord shapes generated March 2002 by Howard Wright
