 D6/9
 =====

 Spelling: 1, 3, (5), 6, 9


 MOVEABLE BAR CHORD SHAPES:
 ---------------------------

 x 5 4 4 5 x


 x 5 4 4 5 5


 10 9  9  9  10 x


 10 9  7  9  7  7


 10 9  9  9  10 10


 10 9  9  9  10 12


 x 5 4 4 5 7


 10 9  7  9  x  7


 10 9  9  9  12 x


 10 9  9  11 x  12


 10 9  12 9  12 x


 10 9  9  x  10 12


 10 9  9  9  x  10


 10 9  9  9  x  12


 10 9  x  9  7  7


 10 x  9  9  7  7


 OTHER MOVEABLE SHAPES:
 -----------------------

 x  x  12 11 12 12


 10 x  12 11 12 12


 10 12 x  11 12 12


 10 9  x  11 12 12


 10 x  9  11 12 12


 10 9  9  9  x  x


 x 5 x 4 5 2


 x 5 4 x 5 7


 10 x  x  11 12 12


 10 9  12 x  12 12


 10 x  9  9  7  x


 10 x  9  11 x  12


 10 9  x  9  12 x


 10 9  x  9  12 12


 x 5 7 9 7 7


 10 9  x  x  12 12


 CHORD SHAPES USING OPEN STRINGS:
 ---------------------------------

 x  x  0  11 0  0


 x 5 4 4 0 0


 x 5 4 4 5 0


 10 9  12 11 0  0


 10 9  9  11 0  0


 x 5 4 2 0 0


 10 12 12 11 0  0


 x x 0 4 5 2


 x x 0 9 7 7


 10 9  9  7  0  0


 10 12 9  11 0  0


 x 5 4 7 0 0


 x  x  0  11 12 12


 x 5 4 4 3 0


 x  x  0  11 12 0


 10 9  7  9  0  0


 10 9  7  9  0  x


 10 9  9  9  0  0


 10 x  12 11 12 0


 10 x  9  11 10 0


 10 9  12 9  0  0


 10 9  7  x  0  0


 10 9  9  11 x  0


 10 9  9  x  10 0


 10 9  x  11 0  0


 10 9  x  9  0  0


 10 x  9  11 0  0


 10 9  12 9  0  x


 10 9  9  9  0  x


 10 12 x  11 12 0


 10 x  12 11 0  0


 Number of chord shapes listed:  63

 Chord shapes generated March 2002 by Howard Wright
