 D7add4
 =======

 Spelling: 1, 3, 4, (5), b7


 MOVEABLE BAR CHORD SHAPES:
 ---------------------------

 x 5 4 5 3 3


 10 10 10 11 10 10


 x  x  12 12 13 14


 10 10 12 11 13 10


 10 9  10 x  8  8


 10 10 12 11 13 x


 10 10 10 11 13 10


 x 5 5 5 7 8


 x 5 5 5 7 5


 10 9  x  11 8  8


 10 10 10 11 13 x


 10 x  10 11 8  8


 x 5 5 7 7 8


 10 10 x  11 8  8


 10 12 10 12 10 14


 10 10 10 12 10 14


 OTHER MOVEABLE SHAPES:
 -----------------------

 10 9  10 12 x  x


 10 10 10 11 x  x


 x 5 4 5 x 3


 10 9  10 x  8  x


 10 9  7  x  8  8


 10 9  10 12 10 10


 10 9  x  7  8  8


 10 x  10 11 8  x


 10 9  10 12 x  10


 10 12 12 12 13 14


 x 5 x 5 7 3


 x 5 4 7 8 8


 x 5 4 5 8 x


 10 9  12 12 13 x


 10 10 x  11 x  8


 10 x  12 12 13 14


 CHORD SHAPES USING OPEN STRINGS:
 ---------------------------------

 10 9  10 0  8  8


 x  x  0  12 13 14


 10 9  10 0  10 x


 10 9  10 0  8  x


 10 9  10 0  10 10


 x x 0 0 1 2


 10 9  10 0  x  x


 x x 0 0 7 8


 x  x  0  0  13 14


 10 9  7  0  8  8


 10 9  10 0  x  10


 10 9  10 0  7  x


 10 9  10 0  x  8


 x 5 7 0 7 8


 10 9  x  0  8  8


 10 9  x  0  10 8


 x  x  0  11 8  8


 10 9  12 0  8  8


 10 9  7  0  x  8


 10 9  x  0  7  8


 x 5 x 0 7 8


 x x 0 5 7 3


 10 9  10 0  13 x


 x 5 5 0 7 8


 x 5 4 0 1 3


 10 9  12 0  13 x


 10 x  10 0  7  8


 x 5 4 0 1 2


 x 5 4 0 1 x


 10 9  12 0  x  8


 10 10 10 0  7  x


 Number of chord shapes listed:  63

 Chord shapes generated March 2002 by Howard Wright
