 D7sus4
 =======

 Spelling: 1, 4, (5), b7


 MOVEABLE BAR CHORD SHAPES:
 ---------------------------

 10 10 10 12 10 10


 10 12 10 12 10 10


 x 5 5 5 3 3


 10 10 10 12 13 10


 10 12 10 12 13 10


 x 5 x 5 3 3


 10 10 10 12 13 x


 x 5 7 5 8 5


 10 12 10 12 13 x


 10 10 12 12 13 10


 10 12 10 12 x  10


 x 5 7 5 8 x


 10 10 12 12 13 x


 10 10 10 x  8  8


 10 12 x  12 13 10


 10 10 x  12 13 10


 OTHER MOVEABLE SHAPES:
 -----------------------

 x 5 5 5 x 5


 10 12 12 12 13 x


 10 12 10 12 x  x


 x 5 5 5 3 x


 x  x  12 12 13 10


 x x x 7 8 8


 10 10 10 x  10 10


 10 10 10 x  10 x


 x 5 5 5 x x


 10 10 10 12 x  x


 x 5 5 5 x 3


 x 5 x 7 8 8


 10 x  12 12 13 x


 10 x  10 12 10 10


 x 5 7 7 8 8


 x 5 7 x 8 8


 CHORD SHAPES USING OPEN STRINGS:
 ---------------------------------

 x x 0 0 8 8


 x x 0 0 1 x


 x x 0 2 1 3


 x x 0 0 1 3


 10 10 10 0  10 10


 10 10 10 0  10 x


 x x 0 7 8 8


 x  x  0  12 13 10


 x x 0 5 3 3


 x  x  0  0  10 8


 10 10 10 0  8  8


 10 12 10 0  x  x


 10 x  10 0  10 10


 10 10 10 0  8  x


 x 5 7 0 8 8


 x x 0 5 8 8


 10 12 10 0  13 x


 10 x  10 0  10 8


 10 x  10 0  10 x


 x  x  0  0  13 x


 10 10 10 0  x  x


 10 12 12 0  13 x


 10 12 10 0  10 x


 10 x  10 0  8  10


 10 x  10 0  8  8


 x  x  0  0  13 10


 x x 0 5 8 5


 10 10 10 0  x  10


 10 10 12 0  8  8


 10 10 7  0  8  8


 10 10 10 0  x  8


 Number of chord shapes listed:  63

 Chord shapes generated March 2002 by Howard Wright
