 D9sus4
 =======

 Spelling: 1, 4, (5), b7, 9


 MOVEABLE BAR CHORD SHAPES:
 ---------------------------

 x 5 5 5 5 5


 10 10 10 12 10 12


 10 12 10 12 10 12


 10 x  10 9  8  8


 10 10 10 12 13 12


 x 5 5 7 5 8


 10 10 x  9  8  8


 10 10 10 12 x  12


 10 10 x  12 13 12


 10 12 10 12 x  12


 x  x  12 12 13 12


 10 10 10 x  13 12


 10 10 12 x  13 12


 x 5 5 5 5 8


 10 10 14 12 13 10


 10 10 14 12 13 x


 OTHER MOVEABLE SHAPES:
 -----------------------

 x 5 5 5 5 x


 10 12 12 12 13 12


 10 10 10 9  x  x


 10 x  12 12 13 12


 x 5 x 5 5 3


 10 x  10 9  8  x


 10 12 x  12 13 12


 10 x  7  9  8  8


 10 x  10 12 10 12


 10 12 14 12 13 x


 10 x  x  12 13 12


 x 5 7 9 8 8


 10 10 x  9  x  8


 10 x  10 12 13 12


 10 12 14 12 13 12


 10 10 10 x  x  12


 CHORD SHAPES USING OPEN STRINGS:
 ---------------------------------

 x x 0 0 1 0


 x  x  0  0  13 0


 10 10 10 0  10 0


 x 5 5 5 5 0


 x 5 5 5 3 0


 x x 0 5 5 3


 10 10 10 x  10 0


 10 x  10 0  10 0


 x  x  0  0  13 12


 x  x  0  12 13 0


 x  x  0  12 13 12


 x x 0 9 8 8


 10 10 10 0  8  0


 10 12 10 0  x  0


 10 12 10 12 x  0


 10 10 10 9  x  0


 10 x  10 9  8  0


 10 12 12 0  13 0


 10 12 10 0  10 0


 10 12 10 0  13 0


 x 5 5 5 x 0


 x 5 7 5 8 0


 10 10 10 12 x  0


 10 10 10 x  8  0


 10 12 x  12 13 0


 10 x  10 0  8  0


 10 x  10 0  10 12


 x x 0 0 5 8


 x x 0 5 8 0


 10 x  10 7  8  0


 x 5 7 0 5 8


 Number of chord shapes listed:  63

 Chord shapes generated March 2002 by Howard Wright
