 Dadd4
 ======

 Spelling: 1, 3, 4, 5


 MOVEABLE BAR CHORD SHAPES:
 ---------------------------

 10 10 12 11 10 10


 10 9  7  7  8  x


 x 5 5 7 7 5


 x 5 5 2 3 2


 10 10 12 11 10 14


 10 10 12 12 10 14


 10 10 7  7  7  10


 10 12 x  12 10 14


 10 10 x  11 10 10


 10 x  12 12 10 14


 10 10 12 14 10 14


 10 10 x  12 10 14


 x 5 5 x 7 5


 10 10 12 x  10 14


 10 10 x  11 10 14


 10 10 12 14 x  14


 OTHER MOVEABLE SHAPES:
 -----------------------

 x 5 4 2 3 3


 x 5 4 2 x 3


 10 10 x  11 10 x


 x  x  12 12 10 14


 10 9  7  x  8  x


 10 9  x  12 10 x


 10 12 12 12 x  14


 10 9  x  12 10 10


 10 10 7  11 x  x


 10 12 x  11 8  x


 10 x  7  11 8  x


 10 12 x  12 x  14


 x 5 7 x 7 3


 x 5 4 x 8 5


 10 x  x  12 10 14


 10 10 7  x  7  x


 CHORD SHAPES USING OPEN STRINGS:
 ---------------------------------

 x 5 4 0 3 5


 x x 0 0 7 5


 x 5 7 0 7 x


 10 9  7  0  8  x


 10 9  7  0  10 x


 10 9  7  0  x  x


 x 5 7 0 7 5


 x 5 4 0 x 5


 10 9  7  0  10 10


 10 9  7  0  7  x


 10 9  x  0  10 10


 10 9  x  0  10 x


 x 5 4 0 7 5


 x 5 5 0 7 5


 10 9  12 0  10 x


 10 9  7  0  x  10


 x 5 x 0 7 5


 x  x  0  12 10 14


 10 9  12 0  10 10


 10 12 12 0  x  14


 x 5 4 0 8 5


 x 5 7 0 7 3


 10 x  7  0  7  x


 10 x  12 0  10 14


 10 12 x  0  10 14


 x  x  0  0  10 14


 10 10 7  0  7  x


 10 12 x  0  x  14


 10 x  7  0  7  10


 10 10 x  0  10 14


 10 x  x  0  10 14


 Number of chord shapes listed:  63

 Chord shapes generated March 2002 by Howard Wright
