 Dadd2add4
 ==========

 Spelling: 1, 2, 3, 4, 5


 MOVEABLE BAR CHORD SHAPES:
 ---------------------------

 10 10 12 11 10 12


 10 10 x  11 10 12


 x 5 5 2 5 2


 10 10 14 11 10 10


 10 10 14 11 10 12


 10 10 14 12 10 14


 10 7  7  11 8  x


 x 5 5 9 7 5


 10 x  14 12 10 14


 10 10 14 11 10 14


 10 10 14 14 10 14


 10 10 14 x  10 14


 10 10 14 14 x  14


 OTHER MOVEABLE SHAPES:
 -----------------------

 10 12 14 12 x  14


 CHORD SHAPES USING OPEN STRINGS:
 ---------------------------------

 x 5 4 0 5 5


 x 5 7 0 7 0


 10 9  7  0  8  0


 10 9  7  0  10 0


 10 9  7  0  x  0


 10 10 x  11 10 0


 10 9  7  0  7  0


 10 9  7  x  8  0


 10 9  x  0  10 0


 10 9  12 0  10 0


 10 9  x  0  10 12


 10 9  x  12 10 0


 10 12 x  11 8  0


 10 x  7  11 8  0


 10 10 7  11 x  0


 10 7  7  0  7  0


 10 x  7  0  7  0


 10 7  7  0  7  x


 10 12 14 0  x  14


 10 10 7  0  7  0


 10 10 7  x  7  0


 10 x  14 0  10 14


 Number of chord shapes listed:  36

 Chord shapes generated March 2002 by Howard Wright
