 Dm6/9
 ======

 Spelling: 1, b3, (5), 6, 9


 MOVEABLE BAR CHORD SHAPES:
 ---------------------------

 10 8  7  9  x  7


 10 x  12 10 12 12


 10 12 x  10 12 12


 10 12 14 10 12 10


 10 12 14 10 12 x


 10 14 12 10 10 12


 10 14 14 10 12 10


 10 14 14 10 10 10


 10 14 14 10 12 x


 10 x  14 10 12 13


 10 12 9  9  x  13


 10 x  9  9  10 13


 10 x  9  9  12 13


 10 14 12 10 x  12


 10 x  14 10 12 12


 10 14 14 10 10 13


 OTHER MOVEABLE SHAPES:
 -----------------------

 x 5 3 4 5 x


 x  x  12 10 12 12


 x 5 3 4 5 5


 10 8  9  9  10 x


 10 8  9  9  x  x


 10 8  9  9  x  10


 10 x  9  10 10 12


 10 x  9  10 12 12


 10 8  9  9  12 x


 10 8  x  10 12 12


 x 5 3 x 5 7


 10 8  9  9  x  12


 10 x  9  10 x  12


 10 x  x  10 12 12


 10 8  x  9  12 x


 10 12 14 x  12 13


 CHORD SHAPES USING OPEN STRINGS:
 ---------------------------------

 x  x  0  10 0  0


 10 8  9  10 0  0


 x 5 3 4 0 0


 x 5 3 4 5 0


 x 5 3 4 3 0


 x 5 3 4 6 0


 10 8  9  7  0  0


 10 8  9  10 x  0


 10 8  9  9  0  0


 x  x  0  10 12 12


 x x 0 4 6 0


 x x 0 9 6 7


 10 8  9  9  0  x


 10 8  9  x  0  0


 10 12 12 10 0  0


 x 5 3 2 0 0


 x 5 3 4 x 0


 x 5 7 4 6 0


 x  x  0  10 12 0


 10 8  7  10 0  0


 10 8  7  9  0  0


 10 8  9  7  x  0


 10 8  9  x  10 0


 10 12 9  10 0  0


 10 x  9  10 10 0


 10 x  9  10 0  0


 10 8  7  9  0  x


 10 8  9  9  x  0


 10 8  x  10 0  0


 10 12 x  10 0  0


 x 5 x 4 6 0


 Number of chord shapes listed:  63

 Chord shapes generated March 2002 by Howard Wright
