 Dm6/7
 ======

 Spelling: 1, b3, (5), 6, b7


 MOVEABLE BAR CHORD SHAPES:
 ---------------------------

 10 8  9  10 x  8


 x 5 7 5 6 7


 10 12 10 10 12 10


 10 8  9  x  10 8


 10 12 10 10 12 13


 10 12 10 10 12 x


 x 5 3 5 3 7


 x 5 3 4 1 1


 10 8  10 x  12 8


 10 12 10 x  12 13


 10 8  x  10 12 8


 10 8  9  x  12 8


 10 14 12 10 13 10


 10 14 12 10 13 x


 10 14 10 10 12 13


 10 14 10 10 10 10


 OTHER MOVEABLE SHAPES:
 -----------------------

 x 5 x 5 6 7


 10 8  10 10 12 x


 10 x  10 10 12 10


 10 x  10 10 12 x


 10 8  10 10 12 10


 x 5 3 4 1 x


 10 x  9  10 x  8


 x 5 3 5 x 7


 10 8  10 x  12 x


 x  x  12 10 12 8


 10 8  9  x  x  8


 10 8  10 x  12 10


 10 8  10 x  x  7


 x 5 x 4 6 8


 10 x  10 10 12 13


 10 12 9  x  13 13


 CHORD SHAPES USING OPEN STRINGS:
 ---------------------------------

 x 5 3 5 0 x


 x 5 3 5 0 5


 x x 0 5 6 7


 10 8  10 10 0  x


 10 8  10 x  0  x


 10 8  10 7  0  x


 10 x  10 10 0  10


 10 12 10 10 0  x


 10 x  9  10 0  8


 10 8  10 x  0  10


 10 x  10 10 0  8


 x 5 3 5 0 7


 x  x  0  10 0  8


 x x 0 4 1 1


 10 8  9  x  0  8


 10 x  10 10 0  x


 10 8  10 x  0  7


 10 8  10 x  0  8


 10 12 10 x  0  13


 x  x  0  10 12 8


 x x 0 4 6 8


 10 8  x  10 0  8


 10 x  7  10 0  8


 x 5 3 5 0 1


 10 8  7  x  0  8


 10 x  10 10 0  13


 10 8  x  7  0  8


 10 x  12 10 0  8


 10 x  x  10 0  8


 10 12 x  10 0  8


 10 x  10 10 0  7


 Number of chord shapes listed:  63

 Chord shapes generated March 2002 by Howard Wright
