 Dm7add4
 ========

 Spelling: 1, b3, 4, (5), b7


 MOVEABLE BAR CHORD SHAPES:
 ---------------------------

 10 10 10 10 10 10


 x 5 3 5 3 3


 x 5 3 5 6 3


 10 8  10 10 8  8


 10 8  10 x  8  8


 x 5 3 5 x 3


 10 10 12 10 13 10


 10 10 10 12 10 13


 10 12 10 12 10 13


 x 5 5 7 6 8


 x  x  12 12 13 13


 10 8  10 12 8  8


 10 10 10 10 10 13


 10 10 10 10 13 10


 x 5 5 5 6 5


 10 8  x  10 8  8


 OTHER MOVEABLE SHAPES:
 -----------------------

 10 10 10 10 x  x


 10 12 x  12 13 13


 10 x  10 10 8  x


 x 5 x 5 6 3


 10 8  10 12 x  x


 10 8  10 x  8  x


 10 12 12 12 13 13


 10 8  10 12 10 10


 10 10 x  10 x  8


 10 x  7  10 8  8


 10 x  10 12 13 13


 10 x  x  12 13 13


 10 8  10 12 x  10


 10 x  12 12 13 13


 10 x  10 12 10 13


 10 8  x  x  8  8


 CHORD SHAPES USING OPEN STRINGS:
 ---------------------------------

 x x 0 0 1 1


 x  x  0  0  13 13


 10 8  10 0  10 x


 10 8  10 0  x  x


 10 8  10 0  10 10


 x x 0 5 6 3


 x  x  0  10 8  8


 x x 0 0 6 8


 x  x  0  12 13 13


 10 8  10 0  8  x


 x 5 7 0 6 8


 10 12 12 0  13 13


 10 8  10 0  8  8


 10 8  10 0  x  10


 10 12 10 0  13 13


 10 x  12 0  13 13


 x 5 5 0 6 8


 10 12 x  0  13 13


 10 8  10 0  x  8


 10 12 10 0  x  13


 10 8  x  0  8  8


 10 10 12 0  13 13


 x 5 3 0 1 1


 x 5 x 0 6 8


 10 8  7  0  8  8


 10 8  x  0  10 8


 10 8  10 0  6  x


 x 5 3 0 1 5


 x 5 3 0 1 x


 10 x  10 0  13 13


 10 8  7  0  x  8


 Number of chord shapes listed:  63

 Chord shapes generated March 2002 by Howard Wright
