 Dm9
 ====

 Spelling: 1, b3, (5), b7, 9


 MOVEABLE BAR CHORD SHAPES:
 ---------------------------

 10 8  10 9  x  8


 10 8  x  9  10 8


 10 12 10 10 10 12


 10 12 10 10 13 12


 10 12 x  10 13 12


 10 x  12 10 13 12


 10 12 14 10 13 10


 10 8  12 9  x  8


 10 12 10 10 x  12


 10 12 14 10 13 x


 10 x  14 10 13 10


 10 x  14 10 13 x


 10 x  14 10 13 13


 10 x  14 10 13 12


 OTHER MOVEABLE SHAPES:
 -----------------------

 x 5 3 5 5 5


 x 5 3 5 5 x


 10 8  10 9  x  x


 x  x  12 10 13 12


 10 8  10 10 10 12


 10 x  10 10 10 12


 10 8  10 10 x  12


 10 x  10 10 x  12


 10 8  10 x  x  12


 10 8  x  9  x  8


 10 x  10 10 13 12


 10 12 14 x  13 13


 10 12 x  9  13 13


 10 x  12 9  13 13


 10 x  x  10 13 12


 10 x  10 9  13 13


 CHORD SHAPES USING OPEN STRINGS:
 ---------------------------------

 x 5 3 5 6 0


 x 5 3 5 5 0


 x 5 3 5 3 0


 x 5 7 5 6 0


 x 5 3 5 x 0


 x x 0 5 6 0


 10 x  10 10 10 0


 10 8  10 10 x  0


 10 8  10 9  x  0


 10 8  10 x  10 0


 x  x  0  10 13 12


 x 5 x 5 6 0


 x x 0 9 6 8


 10 8  10 7  x  0


 10 8  10 x  x  0


 x  x  0  10 13 0


 10 12 10 10 x  0


 10 12 x  10 13 0


 10 x  12 10 13 0


 10 x  10 10 x  0


 x 5 3 2 1 0


 x 5 3 5 1 0


 10 x  10 10 13 0


 10 8  10 x  6  0


 x 5 3 x 1 0


 x x 0 5 5 1


 x  x  0  9  13 13


 10 x  10 9  6  0


 10 x  x  10 13 0


 10 x  10 7  6  0


 10 x  10 x  6  0


 Number of chord shapes listed:  61

 Chord shapes generated March 2002 by Howard Wright
