 Dmadd4
 =======

 Spelling: 1, b3, 4, 5


 MOVEABLE BAR CHORD SHAPES:
 ---------------------------

 10 10 12 10 10 10


 x 5 5 7 6 5


 10 10 12 10 10 13


 10 10 12 12 10 13


 10 12 x  12 10 13


 10 10 x  12 10 13


 10 8  7  7  8  x


 10 x  12 12 10 13


 10 10 12 x  10 13


 10 10 12 14 10 13


 10 10 12 14 x  13


 x 5 5 x 6 5


 10 10 x  14 10 13


 10 10 x  14 x  13


 OTHER MOVEABLE SHAPES:
 -----------------------

 x  x  12 12 10 13


 10 10 x  10 10 10


 10 10 x  10 10 x


 10 10 7  10 10 10


 10 12 12 12 x  13


 x 5 3 2 3 3


 10 10 7  10 x  x


 10 x  7  10 8  x


 10 12 x  12 x  13


 x 5 3 2 x 3


 10 8  7  x  8  x


 x 5 5 2 6 x


 10 8  x  12 10 x


 10 10 x  10 10 13


 x 5 7 x 6 3


 10 12 x  10 8  x


 CHORD SHAPES USING OPEN STRINGS:
 ---------------------------------

 x 5 5 0 6 5


 x x 0 0 6 5


 x  x  0  12 10 13


 x 5 3 0 3 5


 x 5 3 0 6 5


 x 5 7 0 6 5


 x 5 7 0 6 x


 10 8  7  0  x  x


 10 8  7  0  10 x


 x 5 x 0 6 5


 10 8  7  0  10 10


 x 5 3 0 x 5


 x  x  0  0  10 13


 10 8  x  0  10 10


 10 8  7  0  8  x


 10 8  x  0  10 x


 10 12 12 0  x  13


 x 5 7 0 6 3


 10 8  12 0  10 x


 10 8  7  0  x  10


 10 12 x  0  10 13


 10 x  12 0  10 13


 10 8  12 0  10 10


 10 8  7  0  6  x


 x x 0 2 6 3


 10 10 x  0  10 13


 10 12 x  0  x  13


 10 10 7  0  6  x


 10 x  x  0  10 13


 10 x  7  0  6  x


 10 x  7  0  6  10


 Number of chord shapes listed:  61

 Chord shapes generated March 2002 by Howard Wright
