 Dmadd2add4
 ===========

 Spelling: 1, 2, b3, 4, 5


 MOVEABLE BAR CHORD SHAPES:
 ---------------------------

 10 10 12 10 10 12


 10 7  7  10 8  x


 10 10 14 12 10 13


 x 5 2 2 6 3


 x 5 5 9 6 5


 10 10 14 10 10 10


 10 10 14 10 10 12


 10 10 14 10 10 13


 10 10 14 14 10 13


 10 x  14 12 10 13


 10 10 14 14 x  13


 10 10 14 x  10 13


 OTHER MOVEABLE SHAPES:
 -----------------------

 10 10 x  10 10 12


 10 12 14 12 x  13


 CHORD SHAPES USING OPEN STRINGS:
 ---------------------------------

 x 5 3 0 5 5


 10 10 x  10 10 0


 x 5 7 0 6 0


 10 8  7  0  10 0


 10 8  7  0  x  0


 10 8  x  0  10 0


 10 8  7  0  8  0


 10 x  7  10 8  0


 10 8  12 0  10 0


 10 8  7  0  6  0


 10 8  x  0  10 12


 10 8  7  x  8  0


 10 10 7  10 x  0


 10 8  x  12 10 0


 x 5 5 2 6 0


 x 5 2 0 6 5


 10 12 x  10 8  0


 10 7  7  0  6  0


 10 12 14 0  x  13


 10 7  7  0  6  x


 10 x  7  0  6  0


 10 10 7  0  6  0


 10 10 7  x  6  0


 10 x  14 0  10 13


 Number of chord shapes listed:  38

 Chord shapes generated March 2002 by Howard Wright
