 Dmadd9
 =======

 Spelling: 1, b3, 5, 9


 MOVEABLE BAR CHORD SHAPES:
 ---------------------------

 x  x  12 10 10 12


 10 12 14 10 10 10


 10 12 12 10 10 12


 x 5 7 9 6 5


 10 x  12 10 10 12


 10 12 12 10 x  12


 10 12 x  10 10 12


 10 12 14 10 10 13


 10 12 14 10 10 12


 10 12 14 10 x  13


 10 12 14 10 x  12


 10 12 14 x  10 13


 10 12 x  10 x  12


 x 5 x 9 6 5


 10 x  14 14 10 13


 10 x  14 10 10 13


 OTHER MOVEABLE SHAPES:
 -----------------------

 x 5 3 x 5 5


 x 5 3 2 5 5


 x 5 3 2 5 x


 10 8  x  9  10 x


 10 8  7  9  x  x


 10 8  x  9  10 10


 x 5 7 9 6 x


 10 8  x  10 10 12


 x 5 3 7 5 5


 10 x  x  10 10 12


 10 8  x  x  10 12


 10 12 14 10 x  x


 10 x  7  9  6  x


 10 x  x  9  10 13


 10 12 14 x  x  13


 10 12 x  9  x  13


 CHORD SHAPES USING OPEN STRINGS:
 ---------------------------------

 x 5 7 7 6 0


 10 8  x  9  10 0


 x 5 3 2 5 0


 x 5 3 2 3 0


 10 8  x  10 10 0


 10 12 12 10 x  0


 x  x  0  10 10 12


 10 8  7  10 x  0


 10 8  7  9  x  0


 x 5 3 2 x 0


 x 5 7 x 6 0


 x 5 7 9 6 0


 10 8  7  x  10 0


 10 8  x  7  10 0


 x 5 3 2 6 0


 x  x  0  10 10 0


 10 12 x  10 10 0


 10 x  12 10 10 0


 10 x  x  10 10 0


 x  x  0  9  10 13


 10 8  7  x  x  0


 10 12 x  10 x  0


 x x 0 9 6 5


 10 8  7  7  x  0


 10 8  x  x  10 0


 x x 0 2 5 1


 10 8  12 x  10 0


 10 x  7  10 10 0


 10 8  7  x  6  0


 10 x  7  10 x  0


 10 12 14 10 x  0


 Number of chord shapes listed:  63

 Chord shapes generated March 2002 by Howard Wright
