 Dmaj6/7
 ========

 Spelling: 1, 3, (5), 6, 7


 MOVEABLE BAR CHORD SHAPES:
 ---------------------------

 10 9  9  11 10 9


 x 5 4 4 2 2


 10 9  9  11 12 9


 10 x  9  11 10 9


 10 x  11 11 12 10


 10 9  9  11 x  9


 10 9  11 7  7  7


 10 9  9  x  10 9


 10 9  11 x  12 9


 10 9  x  11 12 9


 10 12 9  11 x  9


 10 x  9  11 12 9


 x 5 x 4 2 2


 10 9  9  x  12 9


 10 x  9  11 x  9


 10 9  11 x  7  7


 OTHER MOVEABLE SHAPES:
 -----------------------

 x 5 7 6 7 7


 10 12 11 11 12 x


 x 5 4 6 7 7


 x  x  12 11 12 9


 10 9  11 11 12 x


 x 5 4 4 2 x


 10 x  11 11 12 x


 x 5 x 6 7 7


 10 9  11 x  12 x


 x 5 4 6 x 7


 10 14 12 14 14 14


 10 x  11 11 12 14


 10 14 11 11 12 x


 10 x  x  11 12 9


 x 5 9 6 7 x


 x 5 9 7 7 9


 CHORD SHAPES USING OPEN STRINGS:
 ---------------------------------

 x 5 4 6 0 x


 x x 0 4 2 2


 x  x  0  11 12 9


 10 9  11 11 0  x


 x 5 4 6 0 5


 x x 0 6 7 7


 10 12 11 11 0  x


 x 5 4 6 0 7


 10 9  11 x  0  x


 10 9  11 7  0  x


 10 9  11 x  0  9


 10 x  12 11 0  9


 10 x  9  11 0  9


 10 x  11 11 0  9


 x  x  0  11 0  9


 10 9  x  11 0  9


 10 x  11 11 0  10


 10 x  11 11 0  x


 x 5 4 6 0 2


 10 9  7  6  0  x


 10 9  11 x  0  10


 10 12 x  11 0  9


 10 9  9  x  0  9


 10 9  7  x  0  9


 10 9  11 x  0  7


 10 9  x  7  0  9


 10 12 11 x  0  14


 10 9  12 x  0  9


 10 9  9  6  0  x


 10 14 11 11 0  x


 10 x  7  11 0  9


 Number of chord shapes listed:  63

 Chord shapes generated March 2002 by Howard Wright
