 D#maj13
 ========

 Spelling: 1, 3, (5), 7, (9), (11), 13


 MOVEABLE BAR CHORD SHAPES:
 ---------------------------

 11 10 12 10 13 10


 11 10 12 8  8  8


 11 10 12 10 13 x


 11 x  12 12 13 11


 11 10 12 x  13 10


 11 10 x  12 13 10


 11 10 13 10 13 10


 11 10 12 x  8  8


 11 x  12 10 8  8


 11 10 13 x  13 10


 11 x  12 8  8  8


 11 10 x  13 13 10


 11 x  12 12 8  8


 11 x  12 x  8  8


 OTHER MOVEABLE SHAPES:
 -----------------------

 x 6 8 7 8 8


 11 13 12 12 13 x


 11 10 12 12 13 x


 11 10 12 13 13 13


 x 6 5 7 8 8


 11 x  12 12 13 13


 11 x  12 12 13 x


 x 6 x 7 8 8


 11 10 12 x  13 13


 11 10 12 x  13 x


 x 6 5 7 x 8


 11 x  x  12 13 10


 11 10 x  10 13 10


 11 10 12 x  x  8


 11 10 x  7  8  8


 11 10 x  x  13 10


 CHORD SHAPES USING OPEN STRINGS:
 ---------------------------------

 11 13 12 0  13 x


 11 13 12 0  13 13


 11 10 12 0  13 13


 11 10 12 0  13 x


 11 x  12 0  13 13


 11 10 12 0  8  8


 11 x  12 0  13 10


 11 x  12 0  13 11


 11 x  12 0  13 x


 11 10 12 0  x  8


 11 x  13 0  13 10


 11 10 x  0  13 10


 11 13 x  0  13 10


 11 x  12 0  9  8


 11 x  12 0  8  8


 11 x  x  0  13 10


 11 x  12 0  11 8


 11 x  12 0  x  8


 Number of chord shapes listed:  48

 Chord shapes generated March 2002 by Howard Wright
