 D#13
 =====

 Spelling: 1, 3, (5), b7, (9), (11), 13


 MOVEABLE BAR CHORD SHAPES:
 ---------------------------

 11 10 11 8  8  8


 11 13 11 12 13 11


 11 13 11 12 13 x


 11 10 11 10 13 x


 x 6 8 6 8 8


 11 10 11 x  8  8


 11 x  11 8  8  8


 11 x  11 10 8  8


 11 x  11 12 8  8


 11 x  11 x  8  8


 OTHER MOVEABLE SHAPES:
 -----------------------

 11 10 11 13 13 13


 x 6 5 6 8 8


 x 6 5 6 6 8


 11 x  11 12 13 13


 11 x  11 12 13 x


 11 x  11 12 13 11


 x 6 5 6 x 8


 x 6 x 6 8 8


 11 10 11 x  13 x


 11 10 11 x  13 13


 11 10 11 x  13 11


 11 10 11 x  x  8


 11 x  x  12 13 9


 11 10 x  x  13 9


 11 x  11 12 x  8


 CHORD SHAPES USING OPEN STRINGS:
 ---------------------------------

 11 10 11 0  8  8


 11 10 11 0  13 x


 11 13 11 0  13 13


 11 13 11 0  13 x


 11 10 11 0  13 13


 11 x  11 0  13 13


 11 10 11 0  x  8


 11 x  11 0  9  8


 11 x  11 0  8  8


 11 x  11 0  13 11


 11 x  11 0  13 x


 11 x  11 0  13 9


 11 10 x  0  13 9


 11 x  11 0  11 8


 11 x  11 0  x  8


 11 13 x  0  13 9


 11 x  13 0  13 9


 11 x  x  0  13 9


 Number of chord shapes listed:  43

 Chord shapes generated March 2002 by Howard Wright
