 D#7
 ====

 Spelling: 1, 3, (5), b7


 MOVEABLE BAR CHORD SHAPES:
 ---------------------------

 11 13 11 12 11 11


 x 6 8 6 8 6


 x 6 8 6 8 x


 11 13 11 12 14 11


 11 13 11 12 14 x


 11 10 8  8  8  9


 x 6 8 6 8 9


 11 13 11 12 x  11


 11 13 x  12 14 11


 11 x  13 12 14 11


 11 10 8  8  x  9


 11 10 x  8  8  9


 x x x 8 8 9


 11 x  11 8  8  9


 11 x  8  8  8  9


 11 x  11 8  8  11


 OTHER MOVEABLE SHAPES:
 -----------------------

 x 6 5 6 4 x


 x x 1 3 2 3


 11 10 11 12 x  x


 x 6 5 6 x x


 x  x  13 12 14 11


 x 6 5 6 x 6


 11 13 11 12 x  x


 x 6 5 6 8 x


 11 10 11 12 11 11


 11 10 11 x  11 x


 11 10 11 x  x  x


 11 x  11 12 11 x


 x 6 8 8 8 9


 x  x  13 12 14 x


 11 10 11 8  x  x


 11 10 11 x  11 11


 CHORD SHAPES USING OPEN STRINGS:
 ---------------------------------

 11 10 11 0  11 x


 11 10 11 0  x  x


 11 10 11 0  11 11


 x x 1 0 2 3


 11 13 11 0  x  x


 11 10 11 0  8  x


 11 10 11 0  x  9


 11 x  11 0  11 11


 x 6 8 0 8 9


 11 10 11 0  x  11


 11 10 x  0  11 9


 11 13 13 0  14 x


 11 13 11 0  11 x


 11 13 11 0  14 x


 11 x  11 0  11 9


 11 x  11 0  11 x


 11 10 8  0  x  9


 11 10 x  0  8  9


 11 13 11 0  11 11


 x 6 x 0 8 9


 x 6 8 0 x 9


 11 10 11 0  14 x


 x x 1 0 2 x


 11 10 13 0  14 x


 11 13 x  0  14 x


 11 x  13 0  14 x


 11 x  11 0  8  9


 11 10 13 0  x  9


 x 6 5 0 2 3


 11 13 11 0  x  11


 11 x  8  0  11 9


 Number of chord shapes listed:  63

 Chord shapes generated March 2002 by Howard Wright
