 D#6
 ====

 Spelling: 1, 3, (5), 6


 MOVEABLE BAR CHORD SHAPES:
 ---------------------------

 11 10 8  8  8  8


 x x x 8 8 8


 11 10 10 12 11 x


 x x 1 3 1 3


 11 10 8  8  11 8


 11 10 10 8  8  8


 x 6 5 5 8 x


 11 10 10 12 13 x


 11 x  13 12 13 11


 11 10 8  12 8  8


 11 13 x  12 13 11


 x 6 5 5 x 6


 11 10 8  x  11 8


 11 10 x  8  8  8


 11 10 x  8  11 8


 x 6 5 5 8 6


 OTHER MOVEABLE SHAPES:
 -----------------------

 x  x  13 12 13 11


 x 6 8 8 8 8


 x  x  13 12 13 x


 11 10 10 12 x  x


 x 6 5 5 4 x


 11 10 10 8  x  x


 11 13 10 12 x  x


 x 6 5 8 8 8


 x 6 5 5 x x


 11 x  13 12 13 x


 11 x  10 12 11 x


 x 6 8 x 8 8


 x x 1 x 1 3


 11 x  10 12 11 11


 11 10 10 x  11 x


 11 10 10 x  x  x


 CHORD SHAPES USING OPEN STRINGS:
 ---------------------------------

 x x 1 0 1 3


 x 6 8 0 8 8


 11 10 10 0  11 x


 11 10 10 0  x  x


 x 6 5 0 8 8


 x x 1 0 1 x


 11 10 10 0  8  8


 11 10 10 0  11 11


 11 13 13 0  13 x


 11 13 10 0  x  x


 11 10 10 0  8  x


 11 x  10 0  11 11


 11 10 10 0  13 x


 11 10 10 0  x  11


 11 10 x  0  8  8


 11 10 13 0  13 x


 11 10 x  0  11 8


 11 13 10 0  11 x


 11 13 10 0  13 x


 11 x  10 0  11 8


 11 x  10 0  11 x


 x 6 8 0 x 8


 11 10 8  0  8  8


 11 10 10 0  x  8


 11 x  10 0  8  11


 x 6 5 0 4 8


 x 6 5 0 x 8


 11 13 10 0  11 11


 11 13 x  0  13 x


 11 x  13 0  13 11


 11 x  13 0  13 x


 Number of chord shapes listed:  63

 Chord shapes generated March 2002 by Howard Wright
