 D#maj6/7
 =========

 Spelling: 1, 3, (5), 6, 7


 MOVEABLE BAR CHORD SHAPES:
 ---------------------------

 11 10 10 12 11 10


 11 10 10 12 13 10


 11 10 10 12 x  10


 11 x  10 12 11 10


 x 6 5 5 3 3


 11 10 12 8  8  8


 11 x  12 12 13 11


 11 10 10 x  11 10


 11 13 10 12 x  10


 11 x  10 12 13 10


 11 10 12 x  13 10


 11 10 x  12 13 10


 11 10 10 x  13 10


 x 6 x 5 3 3


 11 10 12 x  8  8


 11 x  10 8  8  10


 OTHER MOVEABLE SHAPES:
 -----------------------

 x 6 8 7 8 8


 11 13 12 12 13 x


 x  x  13 12 13 10


 11 10 12 12 13 x


 x 6 5 7 8 8


 x 6 5 5 3 x


 11 x  12 12 13 x


 x 6 x 7 8 8


 11 10 12 x  13 x


 x 6 5 7 x 8


 11 x  x  12 13 10


 x  6  10 7  8  x


 x  6  10 8  8  10


 x  6  10 7  8  8


 x x 1 5 3 3


 11 10 10 7  x  x


 CHORD SHAPES USING OPEN STRINGS:
 ---------------------------------

 11 13 12 0  13 x


 11 10 12 0  13 x


 11 10 12 0  8  8


 11 x  12 0  13 10


 11 x  10 0  11 10


 11 x  12 0  13 11


 11 x  12 0  13 x


 11 10 10 0  x  10


 11 10 12 0  x  8


 11 x  10 0  8  10


 11 13 10 0  x  10


 11 x  13 0  13 10


 11 x  10 0  13 10


 x  6  10 0  8  10


 11 10 x  0  13 10


 11 13 x  0  13 10


 11 x  12 0  8  8


 11 x  10 0  x  10


 11 x  x  0  13 10


 11 x  12 0  11 8


 11 x  12 0  x  8


 x  6  10 0  x  10


 Number of chord shapes listed:  54

 Chord shapes generated March 2002 by Howard Wright
