 D#7#9
 ======

 Spelling: 1, 3, (5), b7, #9


 MOVEABLE BAR CHORD SHAPES:
 ---------------------------

 11 13 11 12 11 14


 x 6 5 3 2 2


 11 x  8  11 8  9


 x 6 5 6 2 2


 x 6 5 x 2 2


 OTHER MOVEABLE SHAPES:
 -----------------------

 x  x  13 12 14 14


 x 6 5 6 7 6


 x 6 5 6 7 x


 11 10 11 11 x  x


 11 10 11 11 11 11


 11 13 x  12 14 14


 11 x  13 12 14 14


 11 x  11 12 11 14


 11 x  11 12 14 14


 11 10 x  11 x  9


 11 10 11 11 14 x


 11 x  x  12 14 14


 x 6 5 x 7 9


 11 10 11 11 14 11


 11 10 x  12 14 14


 11 10 13 x  14 14


 CHORD SHAPES USING OPEN STRINGS:
 ---------------------------------

 x x 1 0 2 2


 11 13 13 0  14 14


 x 6 8 0 7 9


 11 13 11 0  14 14


 11 13 x  0  14 14


 11 x  13 0  14 14


 x 6 5 0 7 9


 x 6 x 0 7 9


 x 6 5 0 2 2


 11 10 13 0  14 14


 11 x  11 0  14 14


 11 10 11 0  14 14


 11 x  11 0  11 14


 11 10 11 0  7  x


 11 10 x  0  7  9


 11 10 x  0  14 14


 11 x  8  0  7  9


 11 x  11 0  7  9


 11 x  x  0  14 14


 11 x  11 0  7  x


 11 x  x  0  7  9


 11 x  11 0  7  11


 x 6 x 0 2 2


 Number of chord shapes listed:  44

 Chord shapes generated March 2002 by Howard Wright
