 D#6/9
 ======

 Spelling: 1, 3, (5), 6, 9


 MOVEABLE BAR CHORD SHAPES:
 ---------------------------

 x 6 5 5 6 x


 x 6 5 5 6 6


 11 10 8  10 8  8


 11 10 10 10 11 x


 11 10 10 10 11 11


 11 10 10 10 11 13


 11 10 10 10 13 x


 x 6 5 5 6 8


 11 10 8  10 x  8


 11 10 10 12 x  13


 11 10 10 x  11 13


 11 10 10 10 x  11


 11 10 10 10 x  13


 11 10 13 10 13 x


 11 10 x  10 8  8


 11 x  10 10 8  8


 OTHER MOVEABLE SHAPES:
 -----------------------

 x  x  13 12 13 13


 11 x  13 12 13 13


 11 x  10 12 13 13


 11 10 10 10 x  x


 11 13 x  12 13 13


 11 10 x  12 13 13


 x 6 5 x 6 8


 x 6 x 5 6 3


 11 x  x  12 13 13


 11 10 13 x  13 13


 11 x  10 12 x  13


 11 x  10 10 8  x


 11 10 x  10 13 x


 11 10 x  10 13 13


 11 10 x  x  13 13


 x  6  8  10 8  8


 CHORD SHAPES USING OPEN STRINGS:
 ---------------------------------

 x x 1 0 1 1


 11 13 13 0  13 13


 x 6 8 0 6 8


 x 6 5 0 6 8


 11 x  13 0  13 13


 11 10 13 0  13 13


 11 13 10 0  13 13


 11 10 x  0  13 13


 11 x  10 0  13 13


 11 13 x  0  13 13


 11 x  10 0  11 13


 x 6 x 0 6 8


 11 10 10 0  13 13


 11 10 10 0  x  13


 11 13 10 0  x  13


 11 x  10 0  x  13


 11 x  x  0  13 13


 x  6  10 0  6  8


 x  6  10 0  6  x


 x  6  10 0  6  6


 Number of chord shapes listed:  52

 Chord shapes generated March 2002 by Howard Wright
