 D#maj7#5
 =========

 Spelling: 1, 3, #5, 7


 MOVEABLE BAR CHORD SHAPES:
 ---------------------------

 x 6 5 4 3 3


 11 10 12 x  12 10


 11 x  12 12 12 11


 11 10 13 x  12 10


 11 10 x  12 12 10


 x 6 x 4 3 3


 11 14 12 12 x  11


 11 x  9  8  8  10


 11 10 x  7  8  7


 11 x  9  7  8  7


 11 x  x  7  8  7


 OTHER MOVEABLE SHAPES:
 -----------------------

 x 6 5 4 3 x


 x 6 5 7 8 7


 x 6 9 7 8 7


 x 6 9 7 8 x


 x 6 x 7 8 7


 x  x  13 12 12 10


 x 6 5 7 x 7


 x x 1 4 3 3


 11 10 12 x  12 x


 11 10 9  7  x  x


 11 x  12 12 12 x


 11 14 12 12 x  x


 x  6  9  8  8  10


 11 x  x  12 12 10


 11 x  9  12 x  10


 11 10 x  x  12 10


 CHORD SHAPES USING OPEN STRINGS:
 ---------------------------------

 11 10 12 0  0  x


 x 6 5 7 0 x


 11 10 12 0  12 x


 x 6 5 7 0 7


 11 10 12 12 0  x


 11 14 12 0  0  x


 11 10 12 0  0  10


 11 14 12 0  x  x


 11 10 9  7  0  x


 11 10 12 0  0  11


 11 10 12 x  0  x


 11 x  12 0  12 10


 11 10 9  0  0  10


 11 10 12 8  0  x


 11 x  13 12 0  10


 11 x  12 12 0  10


 11 14 12 0  12 x


 11 14 12 12 0  x


 11 x  9  12 0  10


 11 10 12 x  0  10


 11 10 x  12 0  10


 11 x  13 0  12 10


 11 10 13 0  0  10


 11 x  9  0  12 10


 x 6 5 0 3 7


 11 10 12 x  0  11


 11 10 x  0  12 10


 x 6 5 7 0 3


 11 10 9  0  x  10


 11 10 9  x  0  10


 11 x  12 0  0  10


 Number of chord shapes listed:  58

 Chord shapes generated March 2002 by Howard Wright
