 D#7b9
 ======

 Spelling: 1, 3, (5), b7, b9


 MOVEABLE BAR CHORD SHAPES:
 ---------------------------

 x 6 5 6 5 6


 x  x  13 12 14 12


 11 10 x  9  11 9


 11 13 11 12 11 12


 11 x  14 12 14 11


 x 6 5 6 5 9


 11 x  8  9  8  9


 x 6 5 8 5 9


 11 x  11 8  8  12


 x 6 5 9 5 9


 OTHER MOVEABLE SHAPES:
 -----------------------

 11 10 11 9  x  x


 x 6 5 6 5 x


 11 x  11 12 11 12


 11 x  13 12 14 12


 x 6 8 9 8 9


 11 13 x  12 14 12


 x 6 x 6 5 3


 11 x  11 12 14 12


 11 x  11 9  8  x


 11 x  14 12 14 x


 x 6 x 9 8 9


 11 10 x  9  x  9


 11 x  x  12 14 12


 11 10 x  12 14 12


 11 x  x  9  8  9


 11 10 x  x  14 12


 CHORD SHAPES USING OPEN STRINGS:
 ---------------------------------

 11 10 11 0  11 0


 x 6 5 6 4 0


 11 10 11 0  x  0


 11 10 11 12 x  0


 11 10 11 9  x  0


 11 10 11 x  11 0


 x 6 5 6 8 0


 x 6 5 6 5 0


 11 x  11 12 11 0


 x 6 5 6 x 0


 x 6 8 6 8 0


 11 10 11 0  8  0


 11 13 11 12 x  0


 11 x  11 0  11 0


 11 10 11 8  x  0


 11 13 13 0  14 0


 11 13 11 0  11 0


 11 13 11 0  14 0


 11 13 11 0  x  0


 11 13 14 0  14 0


 11 x  11 0  11 12


 11 13 14 0  14 x


 11 13 x  12 14 0


 11 x  13 12 14 0


 x 6 x 6 8 0


 11 10 11 x  8  0


 x x 1 0 2 0


 11 x  11 12 14 0


 11 10 11 x  x  0


 11 13 x  0  14 0


 11 x  11 9  8  0


 Number of chord shapes listed:  57

 Chord shapes generated March 2002 by Howard Wright
