 D#m7#5
 =======

 Spelling: 1, b3, #5, b7


 MOVEABLE BAR CHORD SHAPES:
 ---------------------------

 11 9  9  11 12 9


 x 6 4 6 4 7


 11 9  9  11 x  9


 11 9  11 x  12 9


 11 14 11 11 12 11


 11 x  9  11 12 9


 11 9  x  11 12 9


 11 14 13 11 14 11


 x 6 9 6 7 x


 11 14 11 11 14 11


 x 6 9 6 7 9


 11 14 13 11 14 x


 11 14 11 11 12 14


 11 14 11 11 12 x


 11 9  9  x  12 9


 11 14 11 11 14 x


 OTHER MOVEABLE SHAPES:
 -----------------------

 x 6 4 6 7 7


 11 9  11 11 12 x


 11 9  11 11 12 11


 11 x  11 11 12 11


 11 x  11 11 12 x


 x 6 x 6 7 7


 x x 1 4 2 2


 x 6 4 6 x 7


 11 9  11 x  12 x


 11 9  11 x  12 11


 x  x  13 11 12 9


 11 14 13 x  14 14


 11 x  11 11 12 14


 x 6 9 x 7 9


 11 x  x  11 12 9


 x 6 4 4 2 x


 CHORD SHAPES USING OPEN STRINGS:
 ---------------------------------

 x 6 4 6 0 x


 11 9  11 11 0  x


 x 6 4 6 0 7


 11 9  11 x  0  x


 11 9  11 8  0  x


 11 x  11 11 0  11


 11 9  11 x  0  11


 11 x  11 11 0  9


 11 x  11 11 0  x


 11 9  11 x  0  9


 11 9  x  11 0  9


 11 x  9  11 0  9


 x 6 4 6 0 2


 11 9  9  x  0  9


 11 14 11 11 0  x


 11 9  x  8  0  9


 11 x  11 11 0  14


 11 x  13 11 0  9


 11 9  11 x  0  7


 11 x  x  11 0  9


 11 9  x  x  0  9


 11 14 11 x  0  14


 11 x  11 x  0  14


 11 9  13 x  0  9


 x 6 x 6 0 2


 11 x  11 11 0  7


 Number of chord shapes listed:  58

 Chord shapes generated March 2002 by Howard Wright
