 D#6/7
 ======

 Spelling: 1, 3, (5), 6, b7


 MOVEABLE BAR CHORD SHAPES:
 ---------------------------

 11 10 11 8  8  8


 11 13 11 12 13 11


 11 13 11 12 13 x


 x 6 8 6 8 8


 11 10 11 x  8  8


 11 10 10 12 14 x


 11 x  10 8  8  9


 11 x  11 8  8  8


 x 6 5 5 8 9


 x  6  10 6  8  9


 x  6  10 6  8  8


 11 x  11 12 8  8


 x  6  10 6  8  6


 x  6  10 6  8  x


 11 x  11 x  8  8


 x 6 5 5 x 9


 OTHER MOVEABLE SHAPES:
 -----------------------

 x 6 5 6 8 8


 11 x  11 12 13 x


 11 x  11 12 13 11


 x 6 5 6 x 8


 x 6 x 6 8 8


 11 10 11 x  13 x


 11 10 11 x  13 11


 11 x  10 12 x  9


 11 10 11 x  x  8


 11 x  10 12 14 x


 x  6  10 8  8  9


 11 10 10 x  x  9


 x x 1 5 2 3


 11 x  10 x  8  9


 x  x  13 12 13 9


 x 6 5 5 2 x


 CHORD SHAPES USING OPEN STRINGS:
 ---------------------------------

 11 10 11 0  8  8


 11 10 11 0  13 x


 11 13 11 0  13 x


 11 x  10 0  11 9


 11 10 11 0  x  8


 11 10 10 0  x  9


 11 x  10 0  8  9


 11 x  11 0  8  8


 11 x  11 0  13 11


 11 x  11 0  13 x


 11 13 10 0  x  9


 11 x  11 0  13 9


 11 13 10 0  14 x


 11 x  10 0  13 9


 x  6  10 0  8  9


 11 10 x  0  13 9


 11 x  10 0  x  9


 11 x  11 0  11 8


 11 10 10 0  14 x


 11 x  11 0  x  8


 11 x  10 0  14 x


 11 13 x  0  13 9


 11 x  13 0  13 9


 11 x  10 0  14 11


 x  6  10 0  x  9


 11 x  x  0  13 9


 Number of chord shapes listed:  58

 Chord shapes generated March 2002 by Howard Wright
