 D#7#5
 ======

 Spelling: 1, 3, #5, b7


 MOVEABLE BAR CHORD SHAPES:
 ---------------------------

 11 10 9  12 x  9


 11 10 9  x  12 9


 11 14 11 12 14 11


 11 14 11 12 14 x


 x 6 9 6 8 7


 11 14 11 12 x  11


 11 14 11 12 12 11


 x 6 9 6 8 9


 x 6 9 6 8 x


 11 14 11 12 12 x


 11 14 x  12 14 11


 11 x  9  12 12 9


 11 x  9  8  8  9


 11 x  9  12 x  9


 OTHER MOVEABLE SHAPES:
 -----------------------

 x 6 5 6 x 7


 x x 1 4 2 3


 11 10 11 x  12 x


 11 10 11 x  12 11


 11 x  11 12 12 11


 11 x  11 12 12 x


 x 6 x 6 8 7


 x 6 5 4 2 x


 x 6 9 8 8 9


 11 14 11 12 x  x


 11 14 x  12 14 x


 11 10 9  x  x  9


 11 10 x  x  12 9


 x 6 9 x 8 9


 11 x  x  12 12 9


 x  x  13 12 12 9


 CHORD SHAPES USING OPEN STRINGS:
 ---------------------------------

 11 10 11 0  0  x


 11 10 11 12 0  x


 11 10 11 0  12 x


 x 6 5 6 0 x


 x 6 5 6 0 7


 11 10 11 0  0  11


 11 10 11 8  0  x


 11 10 11 0  0  9


 11 10 9  0  0  9


 11 10 11 x  0  x


 11 10 11 x  0  9


 x 6 5 6 0 3


 11 10 11 x  0  11


 11 x  11 0  12 11


 11 x  11 12 0  11


 11 x  11 12 0  x


 11 10 9  0  x  9


 11 10 9  x  0  9


 11 10 x  0  12 9


 11 14 13 0  14 x


 11 14 11 0  0  x


 11 14 11 12 0  x


 11 x  11 0  12 9


 11 x  11 12 0  9


 x 6 9 0 0 9


 11 10 x  8  0  9


 11 x  11 0  0  11


 x 6 9 0 8 9


 11 10 x  12 0  9


 11 14 11 0  x  x


 11 10 13 0  0  9


 Number of chord shapes listed:  61

 Chord shapes generated March 2002 by Howard Wright
