 D#maj7
 =======

 Spelling: 1, 3, (5), 7


 MOVEABLE BAR CHORD SHAPES:
 ---------------------------

 x 6 8 7 8 6


 11 13 12 12 11 11


 x 6 5 3 3 3


 11 10 12 12 x  10


 11 10 x  12 11 10


 x 6 5 3 3 6


 11 13 12 12 x  11


 11 10 13 12 x  10


 11 10 12 x  11 10


 x 6 x 7 8 6


 11 x  12 12 11 11


 x 6 5 7 3 3


 x 6 5 x 3 3


 11 10 8  8  8  10


 x  x  x  8  8  10


 11 10 13 x  11 10


 OTHER MOVEABLE SHAPES:
 -----------------------

 x 6 8 7 8 x


 x  x  13 12 11 10


 x x 1 3 3 3


 x 6 5 7 4 x


 11 10 12 12 x  x


 x 6 5 7 8 x


 x 6 5 7 x x


 11 13 12 12 x  x


 11 10 12 x  x  x


 x 6 5 7 x 6


 11 10 12 x  11 x


 11 10 12 8  x  x


 11 x  12 12 11 x


 11 10 12 x  11 11


 x 6 5 3 3 x


 x 6 5 7 3 x


 CHORD SHAPES USING OPEN STRINGS:
 ---------------------------------

 11 10 12 0  x  x


 11 13 12 0  x  x


 x 6 5 0 3 3


 11 10 12 0  11 x


 11 13 12 0  11 x


 x x 1 0 3 3


 x 6 5 0 3 6


 x 6 5 0 3 x


 11 10 12 0  11 11


 11 13 12 0  11 11


 11 10 12 0  8  x


 11 10 12 0  x  10


 11 13 12 0  x  10


 11 x  12 0  11 10


 11 13 12 0  x  11


 x  6  8  0  8  10


 11 10 12 0  x  11


 11 10 x  0  11 10


 11 x  12 0  11 11


 x x 1 0 3 x


 11 10 8  0  x  10


 11 x  12 0  11 x


 x 6 x 0 3 6


 11 10 13 0  x  10


 11 x  13 0  11 10


 11 10 x  0  8  10


 11 x  8  0  11 10


 11 13 13 0  x  10


 11 13 x  0  11 10


 11 x  12 0  8  10


 x  6  x  0  8  10


 Number of chord shapes listed:  63

 Chord shapes generated March 2002 by Howard Wright
