 D#7add4
 ========

 Spelling: 1, 3, 4, (5), b7


 MOVEABLE BAR CHORD SHAPES:
 ---------------------------

 x 6 5 6 4 4


 11 11 11 12 11 11


 11 11 13 12 14 11


 x x 1 1 2 3


 11 10 11 x  9  9


 11 11 11 12 14 11


 11 11 13 12 14 x


 x 6 6 6 8 6


 11 x  11 12 9  9


 x 6 6 6 8 9


 11 10 x  12 9  9


 11 11 11 12 14 x


 x 6 6 8 8 9


 11 11 x  12 9  9


 11 11 x  12 14 11


 x 6 6 6 8 x


 OTHER MOVEABLE SHAPES:
 -----------------------

 11 10 11 13 x  x


 11 10 11 x  9  x


 11 11 11 12 x  x


 x 6 5 6 x 4


 11 10 x  8  9  9


 11 x  11 12 9  x


 11 10 11 13 11 11


 11 10 8  x  9  9


 11 10 11 13 x  11


 x 6 x 6 8 4


 x 6 5 6 9 x


 11 10 13 13 14 x


 11 11 x  12 x  9


 x 6 5 8 9 9


 x 6 5 6 9 6


 x 6 5 6 9 9


 CHORD SHAPES USING OPEN STRINGS:
 ---------------------------------

 11 10 11 0  9  9


 11 10 11 0  9  x


 11 11 11 0  11 11


 11 11 11 0  11 x


 11 11 11 0  9  9


 x 6 8 0 9 9


 11 10 8  0  9  9


 11 11 11 0  9  x


 x x 1 0 2 4


 11 10 x  0  9  9


 11 10 13 0  9  9


 11 11 11 0  x  x


 11 x  11 0  9  11


 11 x  11 0  9  9


 11 11 13 0  9  9


 11 11 11 0  x  11


 11 11 x  0  11 9


 11 x  11 0  9  x


 11 13 11 0  9  9


 11 11 8  0  9  9


 11 11 11 0  x  9


 11 11 x  0  9  9


 11 13 11 0  9  x


 x 6 5 0 2 4


 11 11 13 0  14 x


 11 x  8  0  9  9


 x 6 6 0 9 9


 11 11 11 0  8  x


 11 11 11 0  14 x


 x 6 6 0 8 9


 11 11 13 0  x  9


 Number of chord shapes listed:  63

 Chord shapes generated March 2002 by Howard Wright
