 D#maj7b5
 =========

 Spelling: 1, 3, b5, 7


 MOVEABLE BAR CHORD SHAPES:
 ---------------------------

 11 10 13 12 10 10


 11 10 12 12 10 10


 x 6 5 7 8 5


 x  x  13 12 10 10


 11 10 12 x  10 10


 11 12 x  12 10 10


 11 10 x  12 10 10


 x 6 5 7 x 5


 11 12 12 12 x  11


 11 x  13 12 10 10


 11 x  12 12 10 10


 11 10 13 x  10 10


 11 10 12 14 10 10


 11 10 12 x  10 11


 11 10 13 14 10 10


 11 10 12 14 x  10


 OTHER MOVEABLE SHAPES:
 -----------------------

 x x 1 2 3 3


 x 6 7 7 8 x


 11 12 12 12 x  x


 11 10 12 x  10 x


 x 6 x 7 8 5


 11 x  12 12 10 x


 x  6  7  8  8  10


 x  6  7  7  8  10


 11 10 12 14 x  x


 11 12 x  12 x  10


 x 6 5 x 3 5


 11 10 x  8  10 10


 x 6 5 2 3 x


 x 6 5 2 3 3


 x  6  7  x  8  10


 11 10 x  x  10 10


 CHORD SHAPES USING OPEN STRINGS:
 ---------------------------------

 11 12 13 0  10 10


 11 12 12 0  10 10


 11 10 12 0  10 x


 11 12 12 0  10 x


 11 10 12 0  10 10


 11 12 12 0  x  x


 11 12 13 0  x  10


 11 12 12 0  x  10


 11 12 x  0  10 10


 x 6 5 0 3 5


 11 x  12 0  10 10


 x  6  7  0  8  10


 11 10 13 0  10 10


 11 10 x  0  10 10


 11 12 12 0  x  11


 11 x  13 0  10 10


 11 x  12 0  10 11


 11 x  12 0  10 x


 x 6 7 0 3 3


 x 6 7 0 3 5


 x x 1 0 3 5


 x 6 7 0 3 x


 x  6  7  0  10 10


 11 10 7  0  10 10


 11 12 x  0  8  10


 x 6 x 0 3 5


 11 12 x  0  x  10


 11 12 12 0  8  x


 x  6  7  0  x  10


 11 10 7  0  x  10


 11 x  7  0  10 10


 Number of chord shapes listed:  63

 Chord shapes generated March 2002 by Howard Wright
