 E/D#
 =====

 Spelling: 1, 3, 5 (with bass note D#)


 MOVEABLE BAR CHORD SHAPES:
 ---------------------------

 x 6 6 4 5 4


 11 11 14 13 12 x


 x  x  13 13 12 12


 11 11 9  9  12 x


 11 11 9  9  9  12


 x 6 x 4 5 4


 x 6 6 9 9 7


 11 11 9  9  x  12


 11 11 x  13 12 12


 11 11 14 x  12 x


 x 6 6 9 x 7


 11 x  9  9  9  12


 11 11 14 x  12 12


 11 x  9  13 9  12


 11 7  9  x  9  7


 11 7  x  9  9  7


 OTHER MOVEABLE SHAPES:
 -----------------------

 x 6 6 4 5 x


 11 11 9  9  x  x


 11 x  14 13 12 12


 11 x  14 13 12 x


 x 6 6 x 5 7


 11 11 9  x  12 12


 11 11 x  9  12 12


 11 14 x  13 12 12


 11 14 14 13 x  x


 11 11 x  9  12 x


 x x 1 4 5 4


 x 6 2 4 5 4


 11 11 9  x  x  12


 11 x  x  13 12 12


 x 6 x 9 9 7


 11 x  9  13 12 12


 CHORD SHAPES USING OPEN STRINGS:
 ---------------------------------

 x 6 6 4 0 0


 x 6 6 4 5 0


 11 11 9  9  0  0


 x  x  13 13 12 0


 11 11 9  9  0  x


 x x 1 1 0 0


 11 x  14 13 12 0


 11 x  14 13 0  0


 x 6 6 4 x 0


 11 11 9  9  x  0


 11 11 9  13 0  0


 11 11 9  x  0  0


 11 11 9  x  12 0


 11 11 x  13 12 0


 11 14 14 13 0  0


 11 11 9  x  9  0


 11 11 x  9  0  0


 11 11 x  9  12 0


 11 14 14 13 0  x


 11 14 x  13 12 0


 11 x  14 13 0  12


 x 6 6 9 0 0


 11 11 14 13 0  0


 11 14 x  13 0  0


 11 11 9  13 x  0


 11 11 9  x  0  12


 11 11 x  9  0  12


 11 14 x  13 0  12


 11 x  14 13 0  x


 11 11 x  13 0  0


 11 11 14 13 0  x


 Number of chord shapes listed:  63

 Chord shapes generated March 2002 by Howard Wright
