 E
 ==

 Spelling: 1, 3, 5


 MOVEABLE BAR CHORD SHAPES:
 ---------------------------

 x  x  14 13 12 12


 x 7 6 4 5 4


 12 14 14 13 12 12


 12 11 9  9  12 x


 12 x  14 13 12 12


 12 14 14 13 x  12


 x 7 9 9 9 7


 12 11 9  9  9  12


 12 14 x  13 12 12


 x 7 9 x 9 7


 x 7 x 4 5 4


 12 11 9  9  x  12


 x 7 x 9 9 7


 12 14 x  13 x  12


 12 x  9  9  9  12


 12 x  9  13 9  12


 OTHER MOVEABLE SHAPES:
 -----------------------

 x x 2 4 5 4


 x 7 6 4 5 x


 x  x  14 13 12 x


 x x x 9 9 7


 12 14 14 13 x  x


 x 7 6 4 x x


 x 7 6 x 5 7


 12 11 9  x  x  x


 12 x  14 13 12 x


 12 11 x  13 12 x


 12 14 x  13 12 x


 x 7 6 4 x 7


 x 7 9 9 9 x


 x x 2 4 x 4


 12 11 x  13 12 12


 12 11 9  9  x  x


 CHORD SHAPES USING OPEN STRINGS:
 ---------------------------------

 0  11 9  9  0  0


 0 2 2 1 0 0


 0  14 14 13 0  0


 0 7 6 4 5 0


 0 7 6 4 5 4


 0 7 6 4 0 0


 0  11 14 13 0  0


 x 7 6 4 0 0


 0 7 6 9 0 0


 0 7 6 4 0 x


 0  11 14 13 12 0


 0 2 2 1 0 x


 0  14 14 13 12 0


 0  14 14 13 12 12


 0  14 14 13 12 x


 12 11 14 13 0  0


 x x 2 1 0 0


 0 7 6 4 5 x


 0  11 14 13 12 12


 x 7 6 4 5 0


 x x 2 4 0 4


 0  11 14 13 12 x


 0  11 9  9  0  x


 0  11 9  9  12 x


 0 2 2 1 x x


 0  14 14 13 0  12


 0  14 14 13 0  x


 0 x 6 4 5 0


 0 x 6 4 5 4


 12 11 14 13 0  x


 12 14 14 13 0  0


 Number of chord shapes listed:  63

 Chord shapes generated March 2002 by Howard Wright
