 E11
 ====

 Spelling: 1, 3, (5), b7, (9), 11


 MOVEABLE BAR CHORD SHAPES:
 ---------------------------

 x 7 6 7 5 5


 12 11 12 x  10 10


 12 11 x  13 10 10


 12 x  12 13 10 10


 12 11 x  11 10 10


 12 11 14 x  10 10


 12 11 x  14 10 10


 12 11 x  x  10 10


 12 14 x  13 10 10


 12 x  14 13 10 10


 12 x  x  13 10 10


 OTHER MOVEABLE SHAPES:
 -----------------------

 12 11 12 14 x  x


 x 7 6 7 x 5


 12 11 12 x  10 x


 12 11 9  x  10 10


 12 11 12 14 12 12


 12 11 x  9  10 10


 12 x  12 13 10 x


 12 11 12 14 x  12


 x x 2 1 3 5


 x 7 x 7 9 5


 x  7  6  9  10 10


 x  7  6  7  10 x


 x  7  6  7  10 7


 x  7  6  7  10 10


 x 7 6 x 3 5


 12 x  9  13 10 10


 CHORD SHAPES USING OPEN STRINGS:
 ---------------------------------

 0  11 0  11 10 0


 0  11 0  11 10 10


 0  11 12 11 10 0


 0  11 12 11 10 10


 0  12 0  13 12 0


 0 7 6 7 5 5


 0  11 0  11 10 12


 0 5 6 7 5 5


 0 7 6 7 0 5


 0  11 12 11 10 x


 0  11 12 14 0  0


 0  12 12 13 12 0


 0  12 12 13 12 x


 0  11 0  11 10 x


 0  11 0  14 0  0


 0  11 12 9  10 0


 0  11 12 13 10 0


 0  11 12 13 10 10


 0  11 12 13 10 x


 0 9 7 7 9 7


 0  12 0  13 10 0


 0  12 0  13 10 10


 0 7 7 7 9 7


 0  11 9  11 10 10


 0  11 0  9  10 0


 0  11 12 9  10 10


 0  11 12 14 0  x


 0 2 0 2 3 4


 0 5 6 7 7 5


 0  12 0  13 0  0


 0  12 0  13 12 12


 Number of chord shapes listed:  58

 Chord shapes generated March 2002 by Howard Wright
