 E13
 ====

 Spelling: 1, 3, (5), b7, (9), (11), 13


 MOVEABLE BAR CHORD SHAPES:
 ---------------------------

 12 11 12 9  9  9


 12 14 12 13 14 12


 12 11 12 11 14 x


 12 14 12 13 14 x


 x 7 9 7 9 9


 12 11 12 x  9  9


 12 x  12 11 9  9


 12 x  12 9  9  9


 12 x  12 13 9  9


 12 x  12 x  9  9


 OTHER MOVEABLE SHAPES:
 -----------------------

 12 x  12 13 14 14


 x 7 6 7 9 9


 x 7 6 7 7 9


 12 11 12 14 14 14


 12 x  12 13 14 x


 x 7 x 7 9 9


 12 x  12 13 14 12


 12 11 12 x  14 14


 12 11 12 x  14 x


 x 7 6 7 x 9


 12 11 12 x  14 12


 12 11 12 x  x  9


 12 x  x  13 14 10


 12 11 x  x  14 10


 12 x  12 13 x  9


 CHORD SHAPES USING OPEN STRINGS:
 ---------------------------------

 0  14 12 13 14 0


 0  14 12 13 14 12


 0  11 0  11 9  9


 0  11 12 9  9  9


 0 2 0 1 2 0


 0  14 0  13 14 0


 0  14 12 13 14 x


 0 5 6 6 5 5


 0 5 6 6 0 0


 0 5 6 6 7 0


 0 5 6 6 7 5


 0 5 4 6 5 4


 0 9 0 9 9 9


 0  11 12 9  10 9


 0  11 12 11 9  9


 0 2 0 1 2 2


 0 5 0 6 5 4


 0 9 9 7 9 9


 0  11 0  9  9  9


 0  11 0  9  10 9


 0  11 0  11 0  9


 0  11 0  11 10 9


 0  11 12 13 14 0


 0 2 0 1 2 x


 0  14 0  13 14 12


 0  14 0  13 14 14


 0  14 12 13 14 14


 0 5 6 6 5 0


 0 5 6 6 0 4


 0 5 6 6 7 x


 0 5 4 6 0 4


 Number of chord shapes listed:  56

 Chord shapes generated March 2002 by Howard Wright
