 E13sus4
 ========

 Spelling: 1, 4, (5), b7, (9), (11), 13


 MOVEABLE BAR CHORD SHAPES:
 ---------------------------

 12 14 12 14 14 12


 12 14 12 14 14 12


 12 12 12 14 14 12


 12 12 12 14 14 12


 12 14 12 14 14 x


 12 14 12 14 14 x


 x  7  7  7  10 9


 x  7  7  7  10 9


 x  7  9  7  10 9


 x  7  9  7  10 9


 12 12 12 14 14 14


 12 12 12 14 14 x


 12 12 12 14 14 14


 12 12 12 14 14 x


 12 x  12 9  10 9


 12 x  12 9  10 9


 OTHER MOVEABLE SHAPES:
 -----------------------

 12 x  12 14 14 14


 12 x  12 14 14 14


 12 12 12 x  14 x


 12 x  12 14 14 12


 12 x  12 14 14 12


 12 x  12 14 14 x


 12 x  12 14 14 x


 12 x  12 x  10 9


 12 x  12 x  10 9


 x  7  x  7  10 9


 x  7  x  7  10 9


 12 12 x  x  14 10


 12 12 12 x  x  9


 12 x  x  14 14 10


 12 x  x  14 14 10


 CHORD SHAPES USING OPEN STRINGS:
 ---------------------------------

 0 0 0 2 2 2


 0  0  0  14 14 14


 0 0 0 2 2 2


 0  0  0  14 14 14


 0 0 0 6 0 0


 0  0  0  9  10 9


 0  0  0  9  10 9


 0 0 0 4 2 0


 0 0 0 4 2 2


 0 0 0 6 5 0


 0 0 0 6 5 5


 0 0 0 6 5 5


 0 0 0 6 0 x


 0 0 0 6 7 0


 0 0 0 9 0 9


 0 0 0 9 7 9


 0  0  0  11 10 9


 0  0  0  11 10 9


 0 0 0 6 5 7


 0 2 0 2 2 0


 0 2 0 2 2 2


 0 2 0 2 2 0


 0 2 0 2 2 2


 0  0  0  11 12 9


 0 0 0 6 7 5


 0 0 0 6 7 7


 0 0 0 6 7 5


 0  0  12 9  10 9


 0  0  12 9  10 9


 0  0  12 11 10 9


 0  0  12 11 10 9


 Number of chord shapes listed:  62

 Chord shapes generated March 2002 by Howard Wright
