 E6/7
 =====

 Spelling: 1, 3, (5), 6, b7


 MOVEABLE BAR CHORD SHAPES:
 ---------------------------

 12 11 12 9  9  9


 12 14 12 13 14 12


 12 14 12 13 14 x


 x 7 9 7 9 9


 12 11 12 x  9  9


 12 x  11 9  9  10


 12 x  12 9  9  9


 x  7  11 7  9  10


 x  7  6  6  9  10


 x  7  11 7  9  7


 12 x  12 13 9  9


 x  7  11 7  9  9


 x  7  11 7  9  x


 12 x  12 x  9  9


 x  7  6  6  x  10


 OTHER MOVEABLE SHAPES:
 -----------------------

 x 7 6 7 9 9


 12 x  12 13 14 x


 x 7 x 7 9 9


 12 x  12 13 14 12


 12 11 12 x  14 x


 x 7 6 7 x 9


 12 11 12 x  14 12


 12 x  11 13 x  10


 12 11 12 x  x  9


 x  7  11 9  9  10


 12 11 11 x  x  10


 x x 2 6 3 4


 12 x  11 x  9  10


 x  x  14 13 14 10


 x 7 6 6 3 x


 x 7 x 6 3 4


 CHORD SHAPES USING OPEN STRINGS:
 ---------------------------------

 0 4 0 4 0 4


 0  14 12 13 14 0


 0  14 12 13 14 12


 0 4 0 4 5 4


 0  11 12 9  9  9


 0 4 0 4 3 4


 0 2 0 1 2 0


 0  14 0  13 14 0


 0  14 12 13 14 x


 0 4 0 4 2 4


 0 5 6 6 0 0


 0 4 6 7 0 0


 0 4 0 4 x 4


 0 5 0 6 5 4


 0 x 0 4 2 4


 0  11 0  9  9  9


 0  11 12 13 14 0


 0 2 0 1 2 x


 0  14 0  13 14 12


 0 4 6 7 5 0


 0 4 6 7 5 4


 0 4 6 7 0 x


 0 4 0 6 5 4


 0 5 6 6 5 0


 0 5 6 6 0 4


 0 x 9 7 9 9


 0  11 0  13 14 0


 0  11 12 13 14 12


 0 4 x 4 3 4


 0 5 6 6 5 7


 0 5 6 6 5 x


 Number of chord shapes listed:  62

 Chord shapes generated March 2002 by Howard Wright
