 E6/9
 =====

 Spelling: 1, 3, (5), 6, 9


 MOVEABLE BAR CHORD SHAPES:
 ---------------------------

 x 7 6 6 7 7


 x 7 6 6 7 x


 12 11 11 11 12 x


 12 11 9  11 9  9


 12 11 11 11 12 12


 12 11 11 11 12 14


 x 7 6 6 7 9


 12 11 9  11 x  9


 12 11 11 11 14 x


 12 11 11 13 x  14


 12 11 11 11 x  14


 12 11 14 11 14 x


 12 11 11 x  12 14


 12 11 x  11 9  9


 12 x  11 11 9  9


 12 11 11 11 14 12


 OTHER MOVEABLE SHAPES:
 -----------------------

 x x 2 1 2 2


 x  x  14 13 14 14


 12 x  14 13 14 14


 12 11 x  13 14 14


 12 x  11 13 14 14


 12 11 11 11 x  x


 12 14 x  13 14 14


 x 7 6 x 7 9


 x 7 x 6 7 4


 12 x  x  13 14 14


 12 11 14 x  14 14


 12 x  11 13 x  14


 12 x  11 11 9  x


 12 11 x  11 14 x


 x  7  9  11 9  9


 12 11 x  11 14 14


 CHORD SHAPES USING OPEN STRINGS:
 ---------------------------------

 0 9 9 9 9 9


 0  9  11 9  9  9


 0  11 9  11 9  9


 0 4 4 4 0 4


 0 2 2 1 2 2


 0 7 6 6 7 0


 0 7 6 6 7 x


 0  11 9  11 12 9


 0 4 4 4 x 4


 0 4 4 6 5 4


 0 x 2 1 2 2


 x 7 6 6 7 0


 0 7 6 6 7 7


 0  11 11 11 12 0


 0  14 14 13 14 14


 0  9  9  11 9  9


 0 x 4 4 2 4


 0  11 9  11 x  9


 0  11 11 13 12 14


 0  11 11 11 0  0


 0  11 11 11 0  12


 0 4 4 4 5 4


 0 9 9 x 9 9


 0 7 4 6 5 4


 0  11 9  11 0  9


 0  11 11 11 9  0


 0  11 11 11 9  9


 0 4 4 x 0 4


 0  9  11 11 9  0


 0  9  11 11 9  9


 0  x  14 13 14 14


 Number of chord shapes listed:  63

 Chord shapes generated March 2002 by Howard Wright
