 E6
 ===

 Spelling: 1, 3, (5), 6


 MOVEABLE BAR CHORD SHAPES:
 ---------------------------

 12 11 9  9  9  9


 x x 2 4 2 4


 x x x 9 9 9


 12 11 11 9  9  9


 12 11 11 13 12 x


 12 11 9  9  12 9


 12 11 11 13 14 x


 12 11 9  13 9  9


 x 7 6 6 9 x


 12 14 x  13 14 12


 12 x  14 13 14 12


 12 11 9  x  12 9


 12 11 x  9  9  9


 x 7 6 6 x 7


 x 7 6 6 9 7


 12 11 x  9  12 9


 OTHER MOVEABLE SHAPES:
 -----------------------

 x  x  14 13 14 12


 x x 2 1 2 x


 x x 2 1 2 4


 x  x  14 13 14 x


 x 7 9 9 9 9


 12 11 11 13 x  x


 x 7 6 9 9 9


 x 7 6 6 5 x


 12 11 11 9  x  x


 12 14 11 13 x  x


 12 x  14 13 14 x


 x 7 6 6 x x


 12 x  11 13 12 x


 12 x  11 13 14 x


 x 7 9 x 9 9


 12 14 x  13 14 x


 CHORD SHAPES USING OPEN STRINGS:
 ---------------------------------

 0  11 9  9  9  9


 0 4 6 4 0 0


 x x 2 1 2 0


 0 2 2 1 2 0


 0  11 11 9  9  9


 0  11 11 9  0  0


 0 2 2 1 2 x


 0 4 2 4 0 4


 0 4 2 4 2 4


 0 x 2 1 2 0


 0 7 6 6 0 0


 0  14 14 13 14 0


 0 4 6 4 5 0


 0 4 6 4 0 x


 0 4 x 4 0 4


 0  x  14 13 14 12


 0 7 9 9 9 9


 0  11 9  9  12 9


 0  11 11 9  12 0


 0  11 11 9  12 9


 0  11 11 13 12 x


 0  14 11 13 12 0


 0 4 2 1 0 0


 0 4 2 4 5 4


 0 4 6 4 5 4


 0 4 6 6 0 0


 0 4 x 4 5 4


 12 11 11 13 0  0


 x 7 6 6 0 0


 0  11 11 13 0  0


 0  11 11 13 12 0


 Number of chord shapes listed:  63

 Chord shapes generated March 2002 by Howard Wright
