 E7
 ===

 Spelling: 1, 3, (5), b7


 MOVEABLE BAR CHORD SHAPES:
 ---------------------------

 12 14 12 13 12 12


 x 7 9 7 9 7


 x 7 9 7 9 x


 x  7  9  7  9  10


 12 11 9  9  9  10


 12 14 12 13 x  12


 12 11 9  9  x  10


 12 11 x  9  9  10


 x  x  x  9  9  10


 12 x  12 9  9  10


 12 x  9  9  9  10


 12 x  12 9  9  12


 12 x  9  13 9  10


 12 x  x  9  9  10


 OTHER MOVEABLE SHAPES:
 -----------------------

 x x 2 4 3 4


 x 7 6 7 5 x


 12 11 12 13 x  x


 x x 2 1 3 x


 12 11 12 13 12 12


 12 14 12 13 x  x


 x 7 6 7 x x


 x 7 6 7 9 x


 x 7 6 7 x 7


 12 11 12 x  12 x


 x x 2 1 3 4


 12 11 12 9  x  x


 12 11 12 x  x  x


 12 x  12 13 12 x


 x  7  9  9  9  10


 12 11 12 13 x  12


 CHORD SHAPES USING OPEN STRINGS:
 ---------------------------------

 0 7 6 7 0 0


 0  14 12 13 0  0


 0  14 12 13 12 12


 0 7 6 7 0 7


 0 7 6 7 0 x


 0  11 12 13 0  0


 0  11 12 13 12 0


 0  14 0  13 12 0


 0  14 0  13 12 12


 0 5 6 4 0 0


 12 11 12 13 0  0


 x 7 6 7 0 0


 0 7 6 7 5 0


 0 7 6 7 5 x


 0  11 12 9  0  0


 0 5 6 7 0 0


 x 7 6 7 5 0


 0  11 0  13 12 0


 0  11 12 13 0  x


 0  11 12 13 12 12


 0  11 12 13 12 x


 0 2 2 1 3 0


 0 2 0 1 3 0


 0  14 0  13 0  0


 0  14 12 13 0  x


 0  14 12 13 12 0


 0 5 6 7 5 0


 0 5 6 7 0 x


 12 11 12 13 0  x


 12 14 12 13 0  0


 x 7 6 7 0 7


 Number of chord shapes listed:  61

 Chord shapes generated March 2002 by Howard Wright
