 E7add4
 =======

 Spelling: 1, 3, 4, (5), b7


 MOVEABLE BAR CHORD SHAPES:
 ---------------------------

 x 7 6 7 5 5


 12 12 12 13 12 12


 x x 2 2 3 4


 12 11 12 x  10 10


 x 7 7 7 9 7


 x  7  7  7  9  10


 12 11 x  13 10 10


 12 x  12 13 10 10


 x  7  7  9  9  10


 12 12 x  13 10 10


 x  7  7  x  9  10


 12 12 9  9  9  10


 x 7 7 7 9 x


 12 11 14 x  10 10


 12 11 x  14 10 10


 x  x  14 13 10 10


 OTHER MOVEABLE SHAPES:
 -----------------------

 12 11 12 14 x  x


 x 7 6 7 x 5


 12 11 12 x  10 x


 12 12 12 13 x  x


 12 11 9  x  10 10


 12 11 12 14 12 12


 12 11 x  9  10 10


 12 x  12 13 10 x


 12 11 12 14 x  12


 x x 2 1 3 5


 x 7 x 7 9 5


 x  7  6  9  10 10


 x  7  6  7  10 x


 12 12 x  13 x  10


 x  7  6  7  10 7


 x  7  6  7  10 10


 CHORD SHAPES USING OPEN STRINGS:
 ---------------------------------

 0 0 0 1 0 0


 0  0  0  13 0  0


 0  0  0  13 12 0


 0  0  0  13 12 12


 0  0  12 13 0  0


 0  0  12 13 12 12


 0 0 0 1 0 x


 0 0 0 4 5 4


 0 0 0 4 0 4


 0 0 0 4 3 4


 0 0 0 7 9 0


 0 0 0 7 9 7


 0 0 6 7 0 0


 0 0 0 1 3 0


 0  0  12 13 12 0


 0 0 9 7 9 0


 0 0 9 7 9 7


 0 0 2 1 3 0


 0 0 6 7 0 7


 0 0 9 7 9 x


 0  0  0  13 0  x


 0 0 0 2 3 4


 0  12 0  13 12 0


 0 7 6 7 5 5


 0 0 6 7 5 0


 0 0 6 7 5 5


 0 0 6 7 5 7


 0  0  0  13 12 10


 0  0  12 13 10 0


 0  0  12 13 10 10


 0 5 6 7 5 5


 Number of chord shapes listed:  63

 Chord shapes generated March 2002 by Howard Wright
