 E7b5
 =====

 Spelling: 1, 3, b5, b7


 MOVEABLE BAR CHORD SHAPES:
 ---------------------------

 x 7 6 7 9 6


 x 7 6 7 x 6


 12 13 12 13 x  12


 x  7  8  7  9  10


 x 7 8 7 9 x


 12 11 12 x  11 12


 x 7 6 3 3 4


 x 7 6 3 3 6


 12 13 x  9  9  10


 x 7 x 3 3 4


 OTHER MOVEABLE SHAPES:
 -----------------------

 12 13 12 13 x  x


 x x 2 3 3 4


 x  7  8  9  9  10


 12 x  12 13 11 x


 12 11 12 x  11 x


 x  7  8  x  9  10


 x 7 x 7 9 6


 x  x  14 13 11 10


 12 x  x  13 11 10


 12 11 x  x  11 10


 12 13 x  13 x  10


 12 x  8  9  9  10


 12 13 12 x  9  x


 x 7 8 7 x 4


 12 11 8  x  x  10


 x 7 6 x 3 6


 CHORD SHAPES USING OPEN STRINGS:
 ---------------------------------

 0  13 0  13 11 0


 0  13 12 13 11 0


 0 1 2 1 3 0


 0 7 8 7 9 0


 0  11 0  9  11 0


 0  11 12 13 11 0


 0 1 0 1 3 0


 0  13 12 13 11 x


 x 7 8 7 9 0


 0 7 6 7 9 6


 12 13 12 13 x  0


 0 7 6 7 x 6


 0  11 12 13 11 12


 0  11 12 13 11 x


 0  13 0  13 11 12


 0  13 0  13 11 x


 0  13 12 13 x  x


 0 7 8 7 9 x


 0  11 0  13 11 0


 0  11 0  13 11 12


 0 1 2 1 3 x


 0 1 0 1 3 x


 0  13 12 13 x  0


 0  13 12 13 x  12


 0 5 6 7 5 6


 0 x 2 3 3 4


 0  7  8  9  9  10


 0  7  8  7  9  10


 0  11 0  9  11 12


 0  11 0  9  11 10


 0  11 0  9  11 x


 Number of chord shapes listed:  57

 Chord shapes generated March 2002 by Howard Wright
