 E7b9
 =====

 Spelling: 1, 3, (5), b7, b9


 MOVEABLE BAR CHORD SHAPES:
 ---------------------------

 x 7 6 7 6 7


 x x 2 1 3 1


 12 11 x  10 12 10


 12 14 12 13 12 13


 x  7  6  7  6  10


 12 x  9  10 9  10


 x  7  6  9  6  10


 12 x  12 9  9  13


 x  7  6  10 6  10


 OTHER MOVEABLE SHAPES:
 -----------------------

 x 7 6 7 6 x


 12 x  12 13 12 13


 x  7  9  10 9  10


 x 7 x 7 6 4


 12 x  12 10 9  x


 x  7  x  10 9  10


 12 x  x  10 9  10


 12 x  12 x  9  13


 x  7  6  x  6  10


 CHORD SHAPES USING OPEN STRINGS:
 ---------------------------------

 0  11 12 10 0  0


 0 7 6 7 6 7


 0  11 12 10 12 0


 0  11 12 10 12 10


 0 2 3 1 3 0


 0 5 6 4 6 0


 0 5 6 4 6 4


 0 8 6 7 0 0


 0 8 9 7 9 0


 0 8 9 7 9 7


 12 11 12 10 0  0


 0  11 0  10 9  0


 0  11 0  10 12 0


 0  11 0  10 12 10


 0 5 6 7 6 0


 0 5 6 7 6 x


 0  11 12 13 12 13


 0  11 12 10 12 x


 0 2 2 1 3 1


 0 2 0 1 3 1


 0 2 3 1 3 x


 0 5 6 4 6 x


 0 8 9 7 9 x


 0 8 0 7 9 0


 0 8 0 7 9 7


 0 x 3 1 3 0


 12 11 12 10 0  x


 0 7 6 7 6 0


 0  11 0  10 0  0


 0  11 0  10 12 12


 0  11 12 10 9  0


 Number of chord shapes listed:  49

 Chord shapes generated March 2002 by Howard Wright
