 E7#5
 =====

 Spelling: 1, 3, #5, b7


 MOVEABLE BAR CHORD SHAPES:
 ---------------------------

 12 11 10 13 x  10


 12 11 10 x  13 10


 x  7  10 7  9  8


 x  7  10 7  9  10


 x  7  10 7  9  x


 12 x  10 13 13 10


 12 x  10 9  9  10


 12 x  10 13 x  10


 OTHER MOVEABLE SHAPES:
 -----------------------

 12 11 12 x  13 x


 x 7 6 7 x 8


 x x 2 5 3 4


 12 11 12 x  13 12


 12 x  12 13 13 x


 x 7 x 7 9 8


 12 x  12 13 13 12


 x 7 6 5 3 x


 x  7  10 9  9  10


 12 11 10 x  x  10


 x  7  10 x  9  10


 12 11 x  x  13 10


 x  x  14 13 13 10


 12 x  x  13 13 10


 x 7 x 5 3 4


 12 x  10 x  9  10


 CHORD SHAPES USING OPEN STRINGS:
 ---------------------------------

 0 3 2 1 3 0


 0 3 0 1 3 0


 0 3 2 1 3 x


 0 5 6 5 x 0


 0 5 6 5 x x


 0  11 12 13 13 0


 0 3 0 1 3 x


 0 5 6 5 5 0


 0 5 6 5 3 0


 0 5 0 5 5 4


 0 5 0 5 3 4


 0 7 0 7 9 8


 0  11 12 13 13 12


 0 5 6 5 5 x


 0 5 6 5 3 x


 0 5 6 7 5 8


 0 7 6 7 x 8


 0  11 12 13 13 x


 0 3 0 1 3 4


 0 3 0 5 3 4


 0 5 6 5 5 8


 0 x 0 5 3 4


 0 x 0 7 9 8


 0  11 0  13 13 0


 0  11 0  13 13 12


 0  11 12 x  13 12


 0 3 2 x 3 4


 0 3 0 1 1 0


 0 3 x 1 3 0


 0 5 6 5 x 4


 0 5 x 5 5 4


 Number of chord shapes listed:  55

 Chord shapes generated March 2002 by Howard Wright
