 E7#9
 =====

 Spelling: 1, 3, (5), b7, #9


 MOVEABLE BAR CHORD SHAPES:
 ---------------------------

 x 7 6 4 3 3


 12 x  9  12 9  10


 x 7 6 7 3 3


 x 7 6 x 3 3


 OTHER MOVEABLE SHAPES:
 -----------------------

 x 7 6 7 8 x


 x 7 6 7 8 7


 x x 2 1 3 3


 12 11 12 12 12 12


 x  7  6  x  8  10


 12 x  12 12 9  x


 12 x  x  12 9  10


 x 7 x 7 8 4


 12 11 12 x  8  x


 12 11 x  x  8  10


 CHORD SHAPES USING OPEN STRINGS:
 ---------------------------------

 0  11 0  0  0  0


 0  11 12 0  0  0


 0 5 6 0 0 0


 0 7 6 7 8 0


 0  11 0  0  0  x


 0  11 12 0  12 0


 0 7 6 7 8 7


 0  11 12 0  12 10


 0  10 12 13 0  0


 0 7 6 7 8 x


 0  11 12 0  0  12


 0  11 12 0  12 12


 0 5 6 0 5 0


 0 5 5 4 5 4


 0  10 9  9  9  10


 12 11 12 12 0  0


 x 7 6 7 8 0


 0  11 0  0  12 0


 0  11 0  0  12 10


 0  11 0  12 0  0


 0  11 12 0  0  10


 0  11 12 12 0  0


 0  11 12 12 12 12


 0  10 0  13 0  0


 0  10 0  13 12 0


 0 7 0 0 9 0


 0  11 0  9  8  0


 0  11 0  0  9  0


 0  11 0  12 9  0


 0  11 0  12 9  10


 0  11 12 0  9  0


 Number of chord shapes listed:  45

 Chord shapes generated March 2002 by Howard Wright
