 E7sus4
 =======

 Spelling: 1, 4, (5), b7


 MOVEABLE BAR CHORD SHAPES:
 ---------------------------

 12 14 12 14 12 12


 12 12 12 14 12 12


 x 7 7 7 5 5


 x  7  9  7  10 7


 x 7 x 7 5 5


 12 14 12 14 x  12


 12 12 12 x  10 10


 x  7  9  7  10 x


 x  7  7  9  10 10


 x  7  7  7  10 7


 x 7 9 7 5 5


 12 x  12 14 10 10


 x  7  9  7  10 10


 x  7  7  9  x  10


 x  7  7  7  10 10


 12 12 14 x  10 10


 OTHER MOVEABLE SHAPES:
 -----------------------

 12 14 12 14 x  x


 x 7 7 7 5 x


 x 7 7 7 x 7


 12 12 12 x  12 12


 12 12 12 x  12 x


 12 12 12 14 x  x


 x 7 7 7 x x


 x 7 7 7 x 5


 x  7  x  9  10 10


 12 12 12 x  10 x


 12 x  12 14 12 12


 x  7  9  9  10 10


 x  7  9  x  10 10


 12 12 12 x  x  x


 12 x  12 9  10 x


 12 x  12 14 12 x


 CHORD SHAPES USING OPEN STRINGS:
 ---------------------------------

 0 0 0 9 0 0


 0 0 0 2 0 0


 0  0  0  14 0  0


 0 0 0 4 0 0


 0 0 0 7 0 0


 0  0  0  14 12 0


 0  0  0  14 12 12


 0  0  12 14 0  0


 0  0  12 14 12 12


 0 0 9 7 0 0


 0  0  0  9  10 0


 0 0 0 2 0 x


 0 0 0 4 5 0


 0 0 0 4 0 x


 0 2 0 2 0 0


 0 0 0 2 3 0


 0 0 0 4 3 0


 0 0 0 7 5 0


 0 0 0 7 5 5


 0 0 0 7 5 7


 0 0 0 7 0 7


 0 0 0 7 0 x


 0  14 12 14 0  0


 0  14 12 14 12 12


 0 0 0 9 0 x


 0 0 2 4 3 0


 0 0 0 4 3 5


 0  0  12 14 12 0


 0 2 0 2 3 0


 0  14 0  14 12 0


 0  14 0  14 12 12


 Number of chord shapes listed:  63

 Chord shapes generated March 2002 by Howard Wright
