 E7sus2
 =======

 Spelling: 1, 2, (5), b7


 MOVEABLE BAR CHORD SHAPES:
 ---------------------------

 x 7 9 7 7 7


 x x 2 4 3 2


 x  7  9  7  7  10


 x  7  9  9  7  10


 12 9  12 9  12 x


 12 9  9  9  12 10


 x  7  9  x  7  10


 x  7  x  9  7  10


 12 9  9  11 x  10


 x  7  9  11 7  10


 12 9  12 9  x  10


 12 9  12 9  x  12


 12 9  9  9  x  10


 12 9  9  x  12 10


 x x 2 x 3 2


 x  7  x  11 7  10


 OTHER MOVEABLE SHAPES:
 -----------------------

 x  x  x  9  7  10


 12 x  12 11 12 12


 12 x  12 11 12 x


 x 7 4 7 7 7


 x 7 x 7 7 7


 x 7 4 7 5 x


 12 14 12 11 x  x


 x 7 9 7 7 x


 12 9  12 11 x  x


 x 7 4 7 x x


 x 7 x 7 7 x


 12 x  12 11 x  12


 12 x  12 11 x  x


 x 7 4 7 7 x


 x  x  14 11 12 10


 12 9  12 x  12 12


 CHORD SHAPES USING OPEN STRINGS:
 ---------------------------------

 0 7 9 7 7 7


 0 9 0 9 0 0


 0 9 0 9 7 0


 0 9 0 9 7 7


 0 7 0 7 7 7


 0 7 0 7 7 0


 0 7 0 7 7 x


 0 9 9 7 7 7


 0 9 9 7 0 0


 0 9 0 9 7 x


 0 2 2 4 3 2


 0 2 0 4 3 2


 0  14 12 11 0  0


 0 5 4 4 5 0


 0 5 4 4 5 x


 0 5 4 4 0 0


 0  9  0  9  0  10


 0  9  0  11 0  0


 0 9 0 7 7 7


 0 9 0 7 0 0


 0  9  12 11 0  0


 0 5 4 4 0 x


 0 5 4 7 0 0


 0  x  12 11 12 10


 0 7 0 9 7 0


 0 9 9 7 0 x


 0  9  0  9  7  10


 0 9 0 9 0 7


 0  14 0  11 12 0


 0 x 2 4 3 2


 0 x 0 4 3 2


 Number of chord shapes listed:  63

 Chord shapes generated March 2002 by Howard Wright
