 E9
 ===

 Spelling: 1, 3, (5), b7, 9


 MOVEABLE BAR CHORD SHAPES:
 ---------------------------

 12 11 12 11 12 x


 12 14 12 13 12 14


 12 11 12 11 x  12


 12 11 12 11 x  14


 12 14 12 13 x  14


 12 x  9  11 9  10


 OTHER MOVEABLE SHAPES:
 -----------------------

 x 7 6 7 7 7


 x 7 6 7 7 x


 x x 2 1 3 2


 12 11 12 11 x  x


 12 x  12 13 12 14


 12 x  12 13 x  14


 12 x  12 11 9  x


 12 11 12 x  x  14


 x  7  9  11 9  10


 x  7  6  7  7  10


 12 x  x  11 9  10


 12 11 x  11 x  10


 x 7 x 7 7 4


 x  7  6  x  7  10


 x  7  x  11 9  10


 CHORD SHAPES USING OPEN STRINGS:
 ---------------------------------

 0  11 12 11 0  0


 0 7 6 7 7 0


 0  11 0  11 0  0


 0  11 0  11 12 0


 0  11 12 11 12 0


 0 5 4 4 5 4


 0  11 0  11 9  0


 0  11 0  11 12 10


 0 7 6 7 7 x


 0  11 12 11 0  x


 0 9 9 7 9 0


 0 9 9 7 9 7


 0 9 0 9 9 0


 0  9  0  9  9  10


 12 11 12 11 0  0


 x 7 6 7 7 0


 0 7 6 7 7 7


 0  11 0  11 9  10


 0  11 0  11 9  x


 0  11 0  11 12 12


 0  11 12 11 9  0


 0  11 12 11 0  10


 0 5 6 4 7 0


 0 5 6 4 7 4


 0 5 6 7 7 7


 0 9 6 7 0 0


 0 9 0 7 9 0


 0 9 0 7 9 7


 0  11 9  11 9  10


 0  11 9  11 0  10


 0  11 0  11 9  12


 Number of chord shapes listed:  52

 Chord shapes generated March 2002 by Howard Wright
