 E9b5
 =====

 Spelling: 1, 3, b5, b7, 9


 MOVEABLE BAR CHORD SHAPES:
 ---------------------------

 x 7 6 7 7 6


 12 11 12 11 11 12


 12 11 12 11 11 14


 12 13 12 13 x  14


 12 11 12 x  11 14


 CHORD SHAPES USING OPEN STRINGS:
 ---------------------------------

 0 7 6 7 7 6


 0  11 0  11 11 12


 0  11 12 11 11 12


 0  9  8  9  9  10


 0 9 8 7 9 0


 0  11 0  11 11 0


 0  11 12 13 11 14


 0  11 12 11 11 0


 0 1 2 1 3 2


 0 9 8 7 9 x


 0  11 0  11 11 10


 0  11 0  11 11 x


 0  11 12 11 11 14


 0 1 0 1 3 2


 0  13 0  13 11 14


 0  13 12 13 x  14


 0 5 6 7 7 6


 0  11 12 11 11 x


 0 x 4 3 3 4


 0 9 6 7 9 6


 0  9  8  x  9  10


 0  x  12 13 11 14


 0  11 x  11 11 10


 0  13 12 11 9  0


 0 5 6 x 7 6


 0 5 4 3 3 4


 0 1 4 1 3 2


 0 1 x 1 3 2


 0 9 6 7 x 6


 0 9 0 7 9 6


 0 x 6 7 7 6


 Number of chord shapes listed:  36

 Chord shapes generated March 2002 by Howard Wright
