 E9#5
 =====

 Spelling: 1, 3, #5, b7, 9


 MOVEABLE BAR CHORD SHAPES:
 ---------------------------

 12 11 12 11 13 x


 12 11 10 11 x  10


 OTHER MOVEABLE SHAPES:
 -----------------------

 x 7 6 7 7 8


 12 x  12 13 13 14


 CHORD SHAPES USING OPEN STRINGS:
 ---------------------------------

 0  11 12 11 13 0


 0 5 4 5 5 4


 0 5 6 5 7 0


 0  11 0  11 13 0


 0  9  10 9  9  10


 0 7 6 7 7 8


 0  11 10 11 13 10


 0 5 4 5 7 4


 0  11 10 11 x  10


 0  11 0  11 13 12


 0  11 12 11 13 12


 0  11 12 11 13 x


 0 5 4 5 x 4


 0  9  10 11 9  10


 0 9 0 9 9 8


 0  11 0  13 13 14


 0  11 0  11 13 x


 0  11 12 13 13 14


 0  11 12 11 13 14


 0 3 4 5 3 4


 0 5 6 5 7 x


 0 x 6 7 7 8


 0  x  12 13 13 14


 0 3 0 1 3 2


 0 3 4 1 3 0


 0 5 6 5 7 8


 0 5 6 7 7 8


 0  9  10 7  9  0


 0 9 0 7 9 8


 0  x  10 11 9  10


 0  11 0  11 13 10


 Number of chord shapes listed:  35

 Chord shapes generated March 2002 by Howard Wright
