 E9sus4
 =======

 Spelling: 1, 4, (5), b7, 9


 MOVEABLE BAR CHORD SHAPES:
 ---------------------------

 x 7 7 7 7 7


 12 12 12 14 12 14


 12 14 12 14 12 14


 12 x  12 11 10 10


 x  7  7  9  7  10


 12 12 x  11 10 10


 x x 2 2 3 2


 12 14 12 14 x  14


 12 12 12 14 x  14


 x  7  7  7  7  10


 12 14 x  11 10 10


 12 x  14 11 10 10


 12 x  x  11 10 10


 x  7  7  11 7  10


 x  7  7  11 10 10


 x  7  7  11 x  10


 OTHER MOVEABLE SHAPES:
 -----------------------

 x 7 7 7 7 x


 12 12 12 11 x  x


 x 7 x 7 7 5


 12 x  12 11 10 x


 12 x  9  11 10 10


 12 x  12 14 12 14


 x  7  9  11 10 10


 12 12 x  11 x  10


 12 12 12 x  x  14


 12 x  12 14 x  14


 x  7  7  x  7  10


 12 x  12 x  10 14


 x  7  x  11 10 10


 CHORD SHAPES USING OPEN STRINGS:
 ---------------------------------

 0 7 7 7 7 7


 0 0 7 7 7 7


 0 0 0 7 7 7


 0  0  0  11 0  0


 0 0 9 7 7 7


 0 0 0 9 7 0


 0 0 0 9 7 7


 0 0 0 2 0 2


 0 2 0 2 0 2


 0 9 7 7 7 7


 0 0 0 2 3 2


 0  0  0  14 12 14


 0  0  0  11 10 0


 0  0  0  11 10 10


 0  0  0  11 12 0


 0  0  12 11 0  0


 0  0  12 11 12 0


 0  0  0  11 10 12


 0  0  0  11 12 10


 0  0  12 11 10 0


 0  0  12 11 10 10


 0 0 2 4 3 2


 0 0 0 4 3 2


 0  0  0  11 0  x


 0  0  0  11 12 12


 0  0  12 11 0  12


 0  0  12 11 12 10


 0 0 4 2 3 0


 0 0 4 2 3 2


 0 2 0 2 3 2


 0  0  0  14 0  14


 Number of chord shapes listed:  60

 Chord shapes generated March 2002 by Howard Wright
