 Eadd2
 ======

 Spelling: 1, 2, 3, 5


 MOVEABLE BAR CHORD SHAPES:
 ---------------------------

 x 7 6 4 7 4


 x 7 4 4 5 4


 x 7 4 4 7 4


 12 x  14 13 12 14


 12 11 14 11 12 x


 12 14 x  13 12 14


 12 9  9  11 9  12


 x  7  9  11 9  7


 x 7 x 4 7 4


 12 9  9  9  9  12


 12 9  9  13 12 x


 12 x  9  11 9  12


 12 9  9  13 9  12


 12 9  9  13 x  12


 x  7  x  11 9  7


 OTHER MOVEABLE SHAPES:
 -----------------------

 x  x  14 13 12 14


 x 7 6 4 7 7


 x 7 6 x 7 7


 x 7 6 4 7 x


 12 11 9  11 x  x


 12 11 x  11 12 x


 12 11 x  11 12 12


 x 7 6 9 7 7


 12 x  x  13 12 14


 12 14 x  13 x  14


 12 11 x  x  12 14


 x  7  9  11 9  x


 12 x  9  11 9  x


 12 9  x  13 12 12


 12 9  x  13 12 x


 12 9  9  x  9  x


 CHORD SHAPES USING OPEN STRINGS:
 ---------------------------------

 0  11 9  11 0  0


 0  11 9  11 0  x


 0 2 2 1 0 2


 0  11 9  11 9  0


 0  11 9  11 12 0


 0  11 9  11 12 x


 x x 2 1 0 2


 0 9 9 9 9 0


 0  11 9  11 9  12


 0  11 9  11 0  12


 0  11 9  11 12 12


 0 2 4 1 0 0


 0 9 9 9 9 x


 0  11 9  11 9  x


 0  11 9  11 x  0


 0  11 9  11 x  x


 0 x 2 1 0 2


 0  x  14 13 12 14


 0 7 6 4 7 0


 0 7 6 4 7 4


 0 7 6 4 7 7


 0 2 2 1 x 2


 0 2 4 4 5 4


 0  14 14 13 0  14


 0 x 4 4 0 4


 0 7 4 4 5 4


 0 7 6 4 7 x


 0 7 6 x 7 7


 0 9 6 9 0 0


 0  9  9  11 9  12


 0 2 4 1 0 x


 Number of chord shapes listed:  62

 Chord shapes generated March 2002 by Howard Wright
