 Eadd4
 ======

 Spelling: 1, 3, 4, 5


 MOVEABLE BAR CHORD SHAPES:
 ---------------------------

 12 12 14 13 12 12


 12 11 9  9  10 x


 x 7 7 4 5 4


 x 7 7 9 9 7


 12 12 9  9  9  12


 12 12 x  13 12 12


 x 7 7 x 9 7


 OTHER MOVEABLE SHAPES:
 -----------------------

 x 7 6 4 5 5


 12 11 9  x  10 x


 12 12 x  13 12 x


 x 7 6 4 x 5


 12 11 x  14 12 x


 12 11 x  14 12 12


 12 12 9  13 x  x


 12 14 x  13 10 x


 12 x  9  13 10 x


 x  7  6  x  10 7


 x 7 9 x 9 5


 12 12 9  x  9  x


 x 7 7 4 x 4


 CHORD SHAPES USING OPEN STRINGS:
 ---------------------------------

 0  0  14 13 0  0


 0 0 6 4 0 0


 0 0 2 1 0 0


 0  0  14 13 12 0


 0  0  14 13 12 12


 0  12 14 13 0  0


 0  12 14 13 12 12


 0  0  14 13 0  12


 0 0 6 4 5 0


 0 0 6 4 5 4


 0  0  14 13 12 x


 0  12 14 13 0  x


 0  12 14 13 12 0


 0  12 14 13 12 x


 0 0 2 1 0 x


 0 0 2 4 5 4


 0 0 2 4 0 4


 0 0 6 4 5 5


 0 0 6 4 5 7


 0 0 6 4 5 x


 0 0 6 4 0 4


 0 0 7 4 5 4


 0 0 x 1 0 0


 0 0 2 1 0 4


 0 0 6 9 0 0


 0 0 6 4 0 5


 0 0 6 4 0 7


 0 0 6 4 0 x


 0 0 9 9 9 0


 0  12 14 13 0  12


 12 12 14 13 0  0


 Number of chord shapes listed:  51

 Chord shapes generated March 2002 by Howard Wright
