 Eadd2add4
 ==========

 Spelling: 1, 2, 3, 4, 5


 MOVEABLE BAR CHORD SHAPES:
 ---------------------------

 12 12 14 13 12 14


 12 12 x  13 12 14


 x 7 7 4 7 4


 12 9  9  13 10 x


 x  7  7  11 9  7


 CHORD SHAPES USING OPEN STRINGS:
 ---------------------------------

 0 0 2 1 0 2


 0  0  14 13 0  14


 0  0  14 13 12 14


 0 0 4 4 0 4


 0  0  9  11 9  0


 0 0 4 2 0 4


 0 0 6 4 7 0


 0 0 6 4 7 4


 0 9 7 9 9 7


 0  11 9  11 10 0


 0  11 9  11 10 x


 0  0  9  11 9  x


 0 0 6 4 7 5


 0 0 6 4 7 7


 0 0 6 4 7 x


 0  12 14 13 0  14


 0  12 14 13 12 14


 0 0 4 1 0 0


 0 0 4 4 5 4


 0 0 4 4 7 4


 0 0 6 9 7 7


 0 0 4 4 x 4


 0  0  9  11 9  12


 0 0 4 1 0 2


 0 0 7 4 7 4


 0  0  x  13 12 14


 0 2 4 2 0 4


 0 x 4 2 0 4


 0 9 7 x 9 7


 0 0 4 1 0 4


 0 x 6 4 7 5


 Number of chord shapes listed:  36

 Chord shapes generated March 2002 by Howard Wright
