 Edim7
 ======

 Spelling: 1, b3, b5, 6


 MOVEABLE BAR CHORD SHAPES:
 ---------------------------

 12 13 14 12 14 12


 x 7 8 6 8 6


 x x 2 3 2 3


 12 13 14 12 14 x


 x 7 5 6 5 6


 12 13 x  12 14 12


 12 x  11 12 11 12


 x 7 x 6 8 6


 12 10 x  9  11 9


 12 13 x  12 14 x


 12 x  8  9  8  9


 12 x  8  12 8  9


 OTHER MOVEABLE SHAPES:
 -----------------------

 x 7 8 6 8 x


 x 7 8 9 8 9


 12 13 11 12 x  x


 x 7 5 6 8 6


 x 7 8 x 8 9


 x 7 5 6 x 6


 12 10 11 x  11 x


 12 x  11 12 11 x


 12 x  x  12 11 9


 12 10 x  x  11 9


 12 10 8  x  x  9


 12 13 x  12 x  9


 12 x  8  x  8  9


 12 x  8  12 x  9


 CHORD SHAPES USING OPEN STRINGS:
 ---------------------------------

 0  10 11 9  11 0


 0  10 11 9  11 9


 0  10 11 0  11 0


 0 7 8 6 8 0


 0 7 8 6 8 6


 0  10 11 12 11 0


 0 1 2 0 2 0


 0  13 14 0  14 0


 0  13 14 12 14 0


 0  13 14 12 14 12


 0 4 5 3 5 0


 0 4 5 3 5 3


 0  10 11 9  11 x


 0  10 11 0  11 12


 0  13 14 12 14 x


 0 4 5 3 5 x


 0 7 8 0 8 9


 0 7 8 6 8 x


 0  10 11 12 11 x


 0 1 2 0 2 3


 0  13 14 0  14 12


 0  13 11 0  11 0


 0  13 11 12 11 0


 0  13 11 12 14 0


 12 13 14 0  14 0


 x 7 8 6 8 0


 0 7 8 9 8 9


 0  10 11 0  11 9


 0  10 11 0  11 x


 0  10 11 12 11 12


 0 1 2 0 2 x


 Number of chord shapes listed:  57

 Chord shapes generated July 2002 by Howard Wright
