 Em/D#
 ======

 Spelling: 1, b3, 5 (with bass note D#)


 MOVEABLE BAR CHORD SHAPES:
 ---------------------------

 11 10 9  9  12 x


 x  x  13 12 12 12


 11 10 9  9  x  12


 x 6 5 9 5 7


 11 7  9  x  8  7


 11 7  x  9  8  7


 OTHER MOVEABLE SHAPES:
 -----------------------

 x 6 5 4 5 x


 11 10 9  9  x  x


 11 10 9  12 12 12


 11 10 x  12 12 12


 x 6 x 9 8 7


 11 10 x  9  12 x


 11 14 14 12 x  x


 x 6 5 x 5 7


 11 10 9  x  12 12


 11 10 x  9  12 12


 11 14 14 12 12 12


 11 x  9  12 12 12


 11 x  14 12 12 12


 x 6 x 4 5 3


 11 14 x  12 12 12


 x 6 9 9 8 x


 CHORD SHAPES USING OPEN STRINGS:
 ---------------------------------

 x x 1 0 0 0


 11 10 9  0  0  0


 x 6 5 0 0 0


 x 6 5 4 0 0


 11 10 9  9  0  0


 11 10 9  0  12 0


 11 10 9  12 0  0


 11 10 9  9  0  x


 11 10 9  0  8  0


 x 6 5 4 5 0


 x  x  13 12 12 0


 11 10 9  0  x  0


 11 10 9  x  0  0


 x 6 5 0 5 7


 x 6 5 4 x 0


 11 10 9  9  x  0


 11 10 9  0  0  12


 11 10 9  0  12 12


 11 10 9  12 x  0


 11 10 x  12 0  0


 x 6 9 0 0 0


 11 10 9  x  12 0


 11 10 x  9  0  0


 11 10 x  9  12 0


 11 14 14 0  0  0


 11 14 14 12 0  0


 11 10 9  x  8  0


 x 6 9 0 8 0


 11 14 14 0  12 0


 11 14 14 12 0  x


 x 6 x 0 0 0


 Number of chord shapes listed:  53

 Chord shapes generated March 2002 by Howard Wright
