 Em/F
 =====

 Spelling: 1, b3, 5 (with bass note F )


 MOVEABLE BAR CHORD SHAPES:
 ---------------------------

 13 14 14 12 12 12


 x x 3 4 5 3


 13 14 x  12 12 12


 13 x  14 12 12 12


 x 8 5 9 5 7


 x  8  9  9  8  12


 13 10 9  9  12 x


 x  8  9  x  8  12


 x  8  9  12 8  12


 13 10 9  9  x  12


 13 x  x  12 12 12


 OTHER MOVEABLE SHAPES:
 -----------------------

 x 8 9 9 8 x


 13 14 14 12 x  x


 x 8 x 9 8 7


 13 x  14 12 12 x


 1 2 2 4 x 3


 1 2 2 x x 3


 13 10 14 12 12 12


 13 14 x  12 x  12


 1 x 2 4 x 3


 x  8  9  12 12 12


 13 10 x  12 12 12


 1 2 2 x 5 3


 13 10 14 x  12 12


 13 10 14 x  12 x


 x 8 5 9 x 7


 13 10 9  12 12 12


 CHORD SHAPES USING OPEN STRINGS:
 ---------------------------------

 x x 3 0 0 0


 1 2 2 0 0 0


 13 14 14 0  0  0


 13 14 14 12 0  0


 x 8 9 0 0 0


 1 2 2 0 0 x


 13 14 14 0  12 0


 13 14 14 0  12 12


 13 14 14 12 0  x


 x 8 9 0 8 0


 1 2 2 0 x x


 13 14 14 0  0  x


 13 14 14 0  12 x


 x 8 9 9 8 0


 1 2 2 0 0 3


 1 2 2 0 x 0


 13 14 14 12 x  0


 13 14 14 0  0  12


 13 14 x  12 0  0


 13 x  14 12 0  0


 x 8 5 0 0 0


 13 x  14 12 12 0


 1 2 2 0 x 3


 1 2 2 x 0 3


 1 2 x 0 0 0


 13 14 14 0  x  x


 13 14 x  0  12 0


 13 14 x  0  12 12


 13 14 14 0  x  0


 13 14 14 0  x  12


 13 14 x  12 0  12


 Number of chord shapes listed:  58

 Chord shapes generated March 2002 by Howard Wright
