 Em11
 =====

 Spelling: 1, b3, (5), b7, (9), 11


 MOVEABLE BAR CHORD SHAPES:
 ---------------------------

 x 7 5 7 5 5


 12 10 12 11 10 10


 12 10 12 12 10 10


 x 7 5 7 8 5


 12 10 12 x  10 10


 x 7 5 7 7 5


 x 7 5 7 x 5


 12 10 12 14 10 10


 12 10 x  12 10 10


 12 x  12 12 10 10


 12 10 14 11 10 10


 12 10 12 14 x  10


 12 10 12 x  10 12


 12 10 x  11 10 10


 12 10 14 12 10 10


 12 10 12 x  10 14


 OTHER MOVEABLE SHAPES:
 -----------------------

 12 10 12 14 x  x


 x 7 x 7 8 5


 12 10 12 x  10 x


 12 x  12 12 10 x


 12 10 12 14 12 12


 12 x  9  12 10 10


 12 10 12 14 x  12


 12 10 9  x  10 10


 12 10 x  9  10 10


 12 10 x  x  10 10


 x 7 5 x 3 5


 12 10 x  14 x  10


 CHORD SHAPES USING OPEN STRINGS:
 ---------------------------------

 0  12 0  0  0  0


 0  12 12 12 12 12


 0 7 5 7 5 5


 0 5 0 0 5 5


 0 5 0 0 0 5


 0 5 7 0 0 0


 0  10 0  0  10 0


 0  10 0  0  10 10


 0  10 0  11 10 0


 0  10 12 11 10 10


 0 5 5 0 5 5


 0  12 0  12 10 0


 0  12 0  12 10 10


 0  12 0  0  0  12


 0  12 0  0  0  x


 0  12 0  0  12 0


 0  12 0  0  12 12


 0  12 0  12 0  0


 0  12 0  12 0  12


 0  10 12 11 10 0


 0 5 5 0 0 5


 0 7 5 7 8 5


 0 7 5 7 7 5


 0  10 9  0  10 10


 0  10 0  9  10 0


 0 5 4 0 5 5


 0 5 7 0 5 0


 0 5 7 0 7 0


 0  12 12 0  12 12


 0 7 5 7 x 5


 0 7 7 7 8 0


 Number of chord shapes listed:  59

 Chord shapes generated March 2002 by Howard Wright
