 Em13
 =====

 Spelling: 1, b3, (5), b7, (9), (11), 13


 MOVEABLE BAR CHORD SHAPES:
 ---------------------------

 12 14 12 12 14 12


 x 7 9 7 8 9


 12 14 12 12 14 x


 12 14 12 12 14 14


 x 7 5 7 5 9


 12 10 12 x  14 10


 12 10 x  12 14 10


 12 10 x  11 14 10


 12 10 14 x  14 10


 12 10 x  14 14 10


 OTHER MOVEABLE SHAPES:
 -----------------------

 x 7 x 7 8 9


 12 10 12 12 14 x


 x 7 5 7 7 9


 12 10 12 12 14 12


 12 10 12 14 14 14


 12 x  12 12 14 x


 12 x  12 12 14 12


 12 10 12 x  14 x


 x 7 5 7 x 9


 12 10 12 x  14 14


 12 10 12 x  14 12


 12 x  12 12 14 14


 12 10 12 x  x  9


 12 x  x  12 14 10


 12 x  12 12 x  9


 12 10 x  x  14 10


 CHORD SHAPES USING OPEN STRINGS:
 ---------------------------------

 0 2 0 0 2 0


 0 2 0 0 2 2


 0  10 11 12 10 10


 0  14 0  0  14 0


 0  14 0  0  14 14


 0 5 5 6 5 0


 0  10 0  9  10 9


 0 2 0 2 2 3


 0  14 0  12 14 0


 0  14 0  12 14 12


 0  14 12 0  14 0


 0  14 12 12 14 12


 0 5 5 6 0 0


 0 5 5 6 7 5


 0 7 0 7 8 9


 0 7 0 6 8 0


 0  10 11 12 12 10


 0  10 11 11 12 10


 0  10 11 11 10 10


 0 2 0 0 2 3


 0 2 0 0 2 x


 0 5 5 6 5 x


 0 7 0 6 8 7


 0 7 0 6 8 x


 0  10 0  0  10 9


 0  10 0  11 10 9


 0  14 0  12 14 14


 0  14 12 0  14 14


 0 5 5 6 7 0


 0 7 0 9 8 9


 0 7 0 0 8 9


 Number of chord shapes listed:  57

 Chord shapes generated March 2002 by Howard Wright
