 Em6
 ====

 Spelling: 1, b3, (5), 6


 MOVEABLE BAR CHORD SHAPES:
 ---------------------------

 x  x  14 12 14 12


 x 7 5 6 5 7


 x x 2 4 2 3


 12 14 14 12 14 12


 12 10 9  9  12 9


 12 14 14 12 14 x


 12 10 9  12 x  9


 12 10 9  x  12 9


 12 10 x  9  12 9


 12 14 x  12 14 12


 12 x  14 12 14 12


 x 7 5 6 5 9


 12 x  14 12 14 x


 x  7  11 9  8  7


 12 14 x  12 14 x


 12 x  9  12 12 9


 OTHER MOVEABLE SHAPES:
 -----------------------

 x x x 9 8 9


 x 7 5 6 5 x


 x  x  14 12 14 x


 12 10 11 12 x  x


 x 7 5 6 8 x


 12 10 11 9  x  x


 12 10 11 12 12 12


 x 7 5 6 x x


 12 10 11 x  x  x


 x 7 5 6 x 7


 x 7 x 6 8 7


 x x 2 x 2 3


 12 x  11 12 12 12


 x 7 9 6 8 x


 x 7 x 9 8 9


 12 10 11 x  12 x


 CHORD SHAPES USING OPEN STRINGS:
 ---------------------------------

 0 4 5 0 0 0


 0  10 11 0  0  0


 0 4 2 0 0 0


 0 4 5 4 0 0


 0 7 5 6 0 0


 0  10 11 9  0  0


 0  10 11 12 0  0


 0 2 2 0 2 0


 0 4 5 4 5 0


 12 10 11 0  0  0


 0 4 5 0 5 0


 0 4 5 4 0 x


 0 4 5 6 5 0


 0 4 5 6 0 0


 0  10 11 0  12 0


 0 2 2 0 2 x


 12 10 11 12 0  0


 x 7 5 6 0 0


 0 7 5 6 5 0


 0 7 5 6 0 x


 0  10 11 9  8  0


 0 2 2 0 2 3


 0  14 14 12 14 0


 0  14 14 12 14 12


 0  14 11 12 0  0


 0 4 5 0 5 3


 0 4 5 6 5 x


 x x 2 0 2 3


 0  10 11 9  0  x


 0  10 11 9  12 0


 0  10 11 9  12 9


 Number of chord shapes listed:  63

 Chord shapes generated March 2002 by Howard Wright
