 Em6/7
 ======

 Spelling: 1, b3, (5), 6, b7


 MOVEABLE BAR CHORD SHAPES:
 ---------------------------

 12 10 11 12 x  10


 12 14 12 12 14 12


 x 7 9 7 8 9


 12 10 11 x  12 10


 12 14 12 12 14 x


 x 7 5 6 3 3


 x 7 5 7 5 9


 12 10 12 x  14 10


 12 10 x  12 14 10


 12 10 11 x  14 10


 x  7  11 7  8  9


 x  7  11 7  8  7


 12 10 14 x  14 10


 x  7  11 7  8  x


 x  7  11 7  8  10


 x 7 x 6 3 3


 OTHER MOVEABLE SHAPES:
 -----------------------

 x 7 x 7 8 9


 12 10 12 12 14 x


 12 10 12 12 14 12


 12 x  12 12 14 x


 12 x  12 12 14 12


 x 7 5 6 3 x


 12 10 12 x  14 x


 12 x  11 12 x  10


 x 7 5 7 x 9


 x  x  14 12 14 10


 12 10 11 x  x  10


 12 10 12 x  14 12


 12 10 12 x  x  9


 x  7  x  6  8  10


 x x 2 6 3 3


 12 x  x  12 14 10


 CHORD SHAPES USING OPEN STRINGS:
 ---------------------------------

 0 4 0 0 0 0


 0 2 0 0 2 0


 0 4 0 0 0 x


 0 4 5 4 3 0


 0 4 5 4 3 3


 0 4 0 4 3 3


 0  14 0  0  14 0


 0 4 5 4 3 x


 0 5 5 6 5 0


 0  14 0  12 14 0


 0  14 0  12 14 12


 0  14 12 0  14 0


 0  14 12 12 14 12


 0 4 5 0 3 0


 0 4 5 0 3 3


 0 4 0 4 5 3


 0 5 5 6 0 0


 0 7 0 6 8 0


 0 7 0 7 8 9


 0  10 11 12 12 10


 0 2 0 0 2 3


 0 2 0 0 2 x


 0 4 5 7 0 0


 0 4 0 4 2 3


 0 5 5 6 5 x


 0 7 0 6 8 7


 0 7 0 6 8 x


 0 4 5 6 3 0


 0 4 5 6 3 3


 0 4 5 7 0 x


 0 4 0 0 3 0


 Number of chord shapes listed:  63

 Chord shapes generated March 2002 by Howard Wright
