 Em6/9
 ======

 Spelling: 1, b3, (5), 6, 9


 MOVEABLE BAR CHORD SHAPES:
 ---------------------------

 12 10 9  11 x  9


 12 x  14 12 14 14


 12 14 x  12 14 14


 x  7  11 11 8  7


 OTHER MOVEABLE SHAPES:
 -----------------------

 x  x  14 12 14 14


 x 7 5 6 7 7


 x 7 5 6 7 x


 12 10 11 11 12 x


 12 10 11 11 x  x


 12 10 11 11 x  12


 12 x  11 12 12 14


 12 x  11 12 14 14


 12 10 11 11 14 x


 12 10 11 11 x  14


 12 10 x  12 14 14


 x 7 5 x 7 9


 12 x  11 12 x  14


 12 x  x  12 14 14


 12 10 x  11 14 x


 12 10 x  11 x  9


 CHORD SHAPES USING OPEN STRINGS:
 ---------------------------------

 0  9  11 0  0  0


 0 2 2 0 2 2


 0 7 5 6 7 0


 0  9  11 12 0  0


 x x 2 0 2 2


 0 2 4 0 2 0


 0 9 9 0 0 9


 0 7 5 6 7 x


 0  10 11 11 0  0


 0  10 11 11 12 0


 0  10 11 11 12 x


 0  14 14 0  14 14


 x 7 5 6 7 0


 0 7 5 6 7 7


 0  10 9  11 0  9


 0  10 9  11 12 9


 0  10 11 11 0  9


 0 2 4 0 2 x


 0 2 x 0 2 2


 0  14 14 12 14 14


 0 4 5 4 2 2


 0 4 5 6 7 0


 0 4 4 0 5 0


 0 4 4 0 0 0


 0 4 4 0 2 0


 0 4 4 0 2 2


 0  9  11 12 0  x


 0 x 2 0 2 2


 0  10 9  11 x  9


 0  10 11 11 0  12


 0  10 11 11 12 12


 Number of chord shapes listed:  51

 Chord shapes generated March 2002 by Howard Wright
