 Em7
 ====

 Spelling: 1, b3, (5), b7


 MOVEABLE BAR CHORD SHAPES:
 ---------------------------

 12 14 12 12 12 12


 x 7 5 7 5 7


 x 7 9 7 8 7


 12 10 12 12 x  10


 12 10 12 x  12 10


 x  7  9  7  8  10


 x 7 9 7 8 x


 12 10 x  12 12 10


 x 7 5 7 3 3


 x 7 5 4 3 3


 12 10 14 12 x  10


 12 10 9  9  x  10


 12 10 14 x  12 10


 x 7 5 x 3 3


 x 7 x 4 3 3


 x 7 x 7 3 3


 OTHER MOVEABLE SHAPES:
 -----------------------

 x 7 5 7 8 7


 x 7 5 7 8 x


 x 7 5 7 x x


 12 10 12 12 12 12


 x 7 5 7 5 x


 x 7 x 7 8 7


 12 10 12 12 x  x


 12 10 12 x  x  x


 x 7 5 7 x 7


 12 10 12 9  x  x


 12 10 12 x  12 12


 12 x  12 12 12 x


 12 10 12 x  12 x


 12 14 12 12 x  x


 x  7  x  9  8  10


 x 7 x 7 8 x


 CHORD SHAPES USING OPEN STRINGS:
 ---------------------------------

 0 7 0 0 0 0


 0  10 0  0  0  0


 0 2 0 0 0 0


 0  14 0  0  0  0


 0 5 0 0 0 0


 0  14 12 0  0  0


 0  14 12 12 12 12


 0 2 0 0 0 x


 0 7 5 7 0 0


 0 7 0 0 0 7


 0 7 0 0 0 x


 0  10 12 0  0  0


 0 5 0 0 5 0


 0 5 0 0 0 x


 12 10 12 0  0  0


 0  10 0  0  0  10


 0  10 0  0  0  x


 x 7 5 7 0 0


 0 7 0 7 8 0


 12 14 12 0  0  0


 0 7 5 7 0 x


 0  14 0  0  0  x


 0 5 5 0 5 0


 12 10 12 0  0  x


 0 7 5 7 5 0


 0 7 5 7 5 7


 0 7 5 7 8 0


 0 7 5 7 0 7


 0 7 9 7 8 0


 0 7 0 9 8 0


 0 7 0 7 8 7


 Number of chord shapes listed:  63

 Chord shapes generated March 2002 by Howard Wright
