 Em7add4
 ========

 Spelling: 1, b3, 4, (5), b7


 MOVEABLE BAR CHORD SHAPES:
 ---------------------------

 12 12 12 12 12 12


 x 7 5 7 5 5


 12 10 12 12 10 10


 x 7 5 7 8 5


 12 10 12 x  10 10


 x 7 5 7 x 5


 x x 2 2 3 3


 12 10 12 14 10 10


 x  7  7  9  8  10


 x 7 7 7 8 7


 12 10 x  12 10 10


 12 12 x  12 10 10


 12 x  12 12 10 10


 x  7  7  7  8  10


 12 10 12 14 x  10


 12 10 12 x  10 12


 OTHER MOVEABLE SHAPES:
 -----------------------

 12 12 12 12 x  x


 12 10 12 14 x  x


 x 7 x 7 8 5


 12 10 12 x  10 x


 12 x  12 12 10 x


 12 10 12 14 12 12


 12 x  9  12 10 10


 12 10 12 14 x  12


 12 12 x  12 x  10


 12 10 9  x  10 10


 12 10 x  9  10 10


 12 10 x  x  10 10


 x 7 5 x 3 5


 12 12 x  x  8  10


 12 10 x  14 x  10


 x 7 7 7 x 3


 CHORD SHAPES USING OPEN STRINGS:
 ---------------------------------

 0 0 0 0 5 0


 0 0 0 0 5 5


 0 0 0 0 8 0


 0  0  0  0  10 0


 0  0  0  0  10 10


 0 0 0 0 0 0


 0  0  0  0  0  12


 0 0 0 0 0 3


 0 0 0 0 0 5


 0 0 0 0 0 7


 0  0  0  0  0  10


 0  0  0  0  12 0


 0  0  0  0  12 12


 0 0 0 0 3 0


 0 0 0 0 3 3


 0  0  0  12 0  0


 0  0  0  12 12 12


 0  0  12 0  0  0


 0  0  12 12 12 12


 0  12 0  0  0  0


 0  12 12 12 12 12


 0 0 0 9 8 0


 0 0 0 0 8 7


 0  0  0  0  8  10


 0 0 0 0 3 x


 0 0 0 7 8 0


 0 0 0 7 8 7


 0 7 5 7 5 5


 0 0 5 7 5 5


 0 0 5 7 0 0


 0 0 0 0 5 3


 Number of chord shapes listed:  63

 Chord shapes generated March 2002 by Howard Wright
