 Em7b5
 ======

 Spelling: 1, b3, b5, b7


 MOVEABLE BAR CHORD SHAPES:
 ---------------------------

 x 7 5 7 5 6


 x 7 8 7 8 x


 x  7  8  7  8  10


 12 10 12 x  11 10


 12 10 x  12 11 10


 x 7 5 3 3 3


 x 7 5 3 3 6


 12 10 14 x  11 10


 12 x  8  9  8  10


 12 x  8  12 8  10


 x 7 x 3 3 3


 OTHER MOVEABLE SHAPES:
 -----------------------

 x  7  8  9  8  10


 x x 2 3 3 3


 x 7 x 7 8 6


 12 13 12 12 x  x


 x 7 5 7 x 6


 12 10 12 x  11 x


 12 x  12 12 11 x


 x  7  8  x  8  10


 x  x  14 12 11 10


 12 x  x  12 11 10


 12 10 x  x  11 10


 12 13 x  12 x  10


 x 7 5 x 3 6


 x 7 5 3 3 x


 12 10 8  x  x  10


 12 x  8  12 x  10


 CHORD SHAPES USING OPEN STRINGS:
 ---------------------------------

 0 7 8 7 8 0


 x 7 8 7 8 0


 0  10 0  9  11 0


 0  10 0  12 11 0


 0 5 5 3 5 0


 0 5 5 3 5 3


 0 1 2 0 3 0


 0 1 0 0 x x


 0  13 0  12 11 0


 0  13 12 0  11 0


 0 5 5 0 5 6


 0 5 5 3 3 3


 0 5 0 0 5 6


 0 5 0 3 5 3


 0 7 8 7 8 x


 0 7 0 7 8 6


 0  10 0  0  11 0


 0  10 0  0  11 12


 0  10 0  0  11 10


 0  10 0  12 11 10


 0  10 12 0  11 0


 0 1 2 3 3 3


 0 1 0 0 x 0


 0  13 0  0  11 0


 0 5 5 3 5 x


 12 10 12 0  11 0


 0 7 0 0 8 6


 0  10 8  9  8  10


 0  10 0  9  11 10


 0  10 0  9  11 x


 0 1 2 0 3 3


 Number of chord shapes listed:  58

 Chord shapes generated March 2002 by Howard Wright
