 Em7#5
 ======

 Spelling: 1, b3, #5, b7


 MOVEABLE BAR CHORD SHAPES:
 ---------------------------

 12 10 10 12 13 10


 x 7 5 7 5 8


 12 10 10 12 x  10


 12 10 12 x  13 10


 12 x  10 12 13 10


 x  7  10 7  8  10


 12 10 x  12 13 10


 x  7  10 7  8  x


 12 10 10 x  13 10


 x  7  10 7  8  8


 x 7 5 5 3 3


 12 x  10 12 x  10


 12 10 14 x  13 10


 x 7 x 5 3 3


 12 10 12 x  8  8


 12 x  12 9  8  8


 OTHER MOVEABLE SHAPES:
 -----------------------

 x 7 5 7 8 8


 12 10 12 12 13 x


 12 x  12 12 13 12


 12 10 12 12 13 12


 x x 2 5 3 3


 12 x  12 12 13 x


 x 7 5 7 x 8


 x 7 x 7 8 8


 12 10 12 x  13 x


 12 10 12 x  13 12


 x  x  14 12 13 10


 x  7  10 x  8  10


 12 x  x  12 13 10


 x 7 5 5 3 x


 12 10 10 x  x  10


 12 10 x  x  13 10


 CHORD SHAPES USING OPEN STRINGS:
 ---------------------------------

 0 3 0 0 3 0


 0 3 0 0 3 3


 0 3 2 0 3 0


 0 5 0 5 3 3


 0  10 0  9  8  8


 0 3 2 0 3 3


 0 3 2 0 3 x


 0 3 5 0 3 0


 0 5 5 5 5 0


 0 7 0 7 8 8


 0  10 0  0  8  8


 0 3 0 0 1 3


 0 5 5 5 5 x


 0 x 0 0 1 0


 0 3 0 0 5 0


 0 3 0 0 3 x


 0 3 0 0 x 0


 0 3 0 0 x x


 0 7 5 7 5 8


 0 7 5 7 8 8


 0  10 12 0  13 0


 0  10 12 12 13 12


 0 3 2 x 3 3


 0 3 5 0 3 x


 0 3 5 5 3 3


 0 3 0 0 1 0


 0 3 0 x 3 3


 0 3 x 0 3 3


 0 5 5 5 3 0


 0 5 5 5 3 3


 0 5 0 5 5 3


 Number of chord shapes listed:  63

 Chord shapes generated March 2002 by Howard Wright
