 Em9
 ====

 Spelling: 1, b3, (5), b7, 9


 MOVEABLE BAR CHORD SHAPES:
 ---------------------------

 12 10 12 11 x  10


 12 10 x  11 12 10


 12 14 12 12 12 14


 12 10 14 11 x  10


 12 14 12 12 x  14


 OTHER MOVEABLE SHAPES:
 -----------------------

 x 7 5 7 7 7


 12 10 12 11 x  x


 x 7 5 7 7 x


 12 10 12 12 12 14


 12 x  12 12 12 14


 12 10 12 12 x  14


 12 x  12 12 x  14


 12 10 12 x  x  14


 12 10 x  11 x  10


 12 x  12 11 8  x


 x  7  x  11 8  10


 12 x  x  11 8  10


 x 7 x 7 7 3


 CHORD SHAPES USING OPEN STRINGS:
 ---------------------------------

 0 9 0 0 0 0


 0 2 0 0 0 2


 0 5 4 0 0 0


 0 7 0 0 7 0


 0 7 0 0 7 7


 0  10 12 11 0  0


 0 9 0 0 0 x


 0 5 4 0 5 0


 0 9 0 9 8 0


 0  10 0  11 12 0


 0  10 12 11 12 0


 0  10 12 11 12 10


 0  14 0  0  0  14


 12 10 12 11 0  0


 0 7 5 7 7 0


 0 7 5 7 7 7


 0  10 9  7  7  7


 0 2 0 0 3 2


 0 5 4 0 3 0


 0 5 4 0 3 3


 0  9  0  9  8  10


 x x 2 0 3 2


 0  10 0  11 0  0


 0  10 0  11 12 12


 0  10 12 11 0  x


 0  10 12 11 12 12


 0  10 12 11 12 x


 0 2 2 0 3 2


 0 5 4 0 5 x


 0 9 9 7 8 0


 0 9 9 7 8 7


 Number of chord shapes listed:  49

 Chord shapes generated March 2002 by Howard Wright
