 Emadd4
 =======

 Spelling: 1, b3, 4, 5


 MOVEABLE BAR CHORD SHAPES:
 ---------------------------

 x 7 7 9 8 7


 12 12 14 12 12 12


 12 10 9  9  10 x


 x 7 7 x 8 7


 OTHER MOVEABLE SHAPES:
 -----------------------

 12 12 x  12 12 12


 12 12 x  12 12 x


 12 12 9  12 12 12


 x 7 5 4 5 5


 12 x  9  12 10 x


 12 12 9  12 x  x


 12 10 9  x  10 x


 x 7 5 4 x 5


 x 7 7 4 8 x


 x 7 9 x 8 5


 12 10 x  14 12 x


 12 14 x  12 10 x


 12 10 x  14 12 12


 x 7 x 4 8 5


 x 7 7 4 x 3


 12 12 9  x  8  x


 CHORD SHAPES USING OPEN STRINGS:
 ---------------------------------

 0 0 2 0 0 0


 0  0  14 0  0  0


 0 0 5 0 0 0


 0 0 7 0 0 0


 0 0 9 0 0 0


 0  0  14 12 0  0


 0  0  14 12 12 12


 0  12 14 0  0  0


 0  12 14 12 12 12


 0 0 2 0 0 x


 0 0 5 4 0 0


 0 0 5 0 0 5


 0 0 5 0 0 x


 0 0 5 4 5 0


 0 0 7 0 0 7


 0 0 7 0 0 x


 0 0 9 0 0 x


 0 0 5 4 5 3


 0 0 5 4 5 5


 0 0 5 4 5 x


 0 0 5 4 0 5


 0 0 7 9 8 7


 0 0 7 0 8 7


 0  12 14 12 0  0


 0  10 9  0  10 0


 0  0  14 0  0  x


 0 7 7 9 8 7


 0 7 7 0 0 7


 0  0  14 12 0  12


 0 0 5 0 5 7


 0 0 5 4 0 3


 Number of chord shapes listed:  51

 Chord shapes generated March 2002 by Howard Wright
