 Emadd9
 =======

 Spelling: 1, b3, 5, 9


 MOVEABLE BAR CHORD SHAPES:
 ---------------------------

 x  x  14 12 12 14


 12 14 14 12 12 14


 x  7  9  11 8  7


 12 x  14 12 12 14


 12 14 14 12 x  14


 12 14 x  12 12 14


 12 14 x  12 x  14


 x  7  x  11 8  7


 OTHER MOVEABLE SHAPES:
 -----------------------

 x 7 5 4 7 7


 x 7 5 x 7 7


 12 10 x  11 12 x


 x 7 5 4 7 x


 12 10 9  11 x  x


 12 10 x  11 12 12


 12 10 x  12 12 14


 x  7  9  11 8  x


 x 7 5 9 7 7


 12 x  x  12 12 14


 12 10 x  x  12 14


 12 x  9  11 8  x


 x 7 x 4 7 3


 CHORD SHAPES USING OPEN STRINGS:
 ---------------------------------

 0 2 4 0 0 0


 0  10 9  11 0  0


 0 2 2 0 0 2


 0  10 9  11 8  0


 0 7 5 0 7 7


 0 7 9 0 7 0


 0  10 9  11 0  x


 x x 2 0 0 2


 0  10 9  11 8  x


 0  10 9  11 12 0


 0 2 2 0 x 2


 0 2 4 0 0 x


 0 9 9 9 8 0


 0 7 9 0 7 x


 0 7 4 0 0 0


 0  10 9  0  7  0


 0  10 9  0  7  7


 0  10 9  11 12 x


 0  10 9  11 x  0


 0  10 9  11 x  x


 0  14 14 0  0  14


 0 9 9 0 8 0


 0 9 9 0 7 0


 0 9 9 0 7 7


 0 x 4 0 0 0


 x 7 5 0 7 7


 x 7 9 0 7 0


 0 7 9 0 7 7


 0  10 9  9  7  0


 0  10 9  9  7  7


 0  10 9  0  7  x


 Number of chord shapes listed:  52

 Chord shapes generated March 2002 by Howard Wright
