 Emaj9
 ======

 Spelling: 1, 3, (5), 7, 9


 MOVEABLE BAR CHORD SHAPES:
 ---------------------------

 12 11 13 11 12 11


 12 11 13 11 12 x


 12 x  13 13 12 14


 12 11 14 11 12 11


 12 11 13 11 x  14


 12 11 13 11 x  12


 12 x  9  11 9  11


 OTHER MOVEABLE SHAPES:
 -----------------------

 x 7 6 8 7 x


 x 7 6 8 7 7


 12 11 13 11 x  x


 12 14 13 13 x  14


 12 11 13 13 x  14


 12 11 x  11 12 11


 x x 2 1 4 2


 12 11 13 x  x  14


 12 x  13 13 x  14


 12 x  13 11 9  x


 12 11 x  11 x  11


 x  7  9  11 9  11


 12 x  x  11 9  11


 x  7  x  11 9  11


 x 7 x 8 7 4


 CHORD SHAPES USING OPEN STRINGS:
 ---------------------------------

 0 6 4 4 4 4


 0  11 13 11 0  0


 0 7 6 8 7 0


 0  11 13 11 12 0


 0 9 9 8 9 0


 12 11 13 11 0  0


 x 7 6 8 7 0


 0 7 6 8 7 x


 0  11 9  11 9  11


 0  11 9  11 0  11


 0  11 13 11 12 11


 0 7 6 8 7 7


 0  11 9  11 12 11


 0  11 13 11 0  x


 0 6 6 4 7 0


 0 6 6 4 7 4


 0 6 6 8 7 0


 0 6 6 8 7 x


 0 6 4 4 5 4


 0 6 4 4 7 4


 0 9 9 8 9 x


 12 11 13 11 0  x


 0 7 4 4 4 4


 0  11 14 11 12 11


 0 2 1 1 0 2


 0 2 4 4 4 4


 0 9 6 8 0 0


 0 x 4 4 4 4


 0  14 13 13 0  14


 0 6 6 4 7 7


 0 6 6 4 7 x


 Number of chord shapes listed:  53

 Chord shapes generated March 2002 by Howard Wright
