 Emaj6/7
 ========

 Spelling: 1, 3, (5), 6, 7


 MOVEABLE BAR CHORD SHAPES:
 ---------------------------

 12 11 11 13 12 11


 12 11 11 13 14 11


 x 7 6 6 4 4


 12 11 11 13 x  11


 12 11 13 9  9  9


 12 x  11 13 12 11


 12 11 11 x  12 11


 12 x  13 13 14 12


 12 11 13 x  14 11


 12 11 x  13 14 11


 12 14 11 13 x  11


 12 x  11 13 14 11


 12 11 11 x  14 11


 x 7 x 6 4 4


 12 11 13 x  9  9


 12 x  11 13 x  11


 OTHER MOVEABLE SHAPES:
 -----------------------

 12 14 13 13 14 x


 x 7 9 8 9 9


 x  x  14 13 14 11


 12 11 13 13 14 x


 x 7 6 8 9 9


 x 7 6 6 4 x


 x 7 x 8 9 9


 12 x  13 13 14 x


 12 11 13 x  14 x


 x 7 6 8 x 9


 12 x  x  13 14 11


 x  7  11 8  9  x


 x  7  11 9  9  11


 x  7  11 8  9  9


 12 11 11 x  x  11


 12 11 11 8  x  x


 CHORD SHAPES USING OPEN STRINGS:
 ---------------------------------

 0 4 6 4 4 4


 0  11 11 13 12 11


 0 2 1 1 2 0


 0 4 2 4 4 4


 0 7 9 8 9 9


 0 2 1 1 2 x


 0  14 13 13 14 0


 0  14 13 13 14 x


 0 6 6 6 0 0


 0  14 11 13 12 11


 0 4 6 6 4 4


 0 6 6 6 5 0


 0 6 6 6 4 0


 0 6 6 6 4 4


 0  11 11 13 14 11


 0 4 x 4 4 4


 0 6 6 6 5 x


 0 x 9 8 9 9


 0  11 11 9  9  11


 0  11 11 9  0  11


 0 4 6 6 4 0


 0 6 6 6 0 7


 0 6 6 6 0 x


 0 6 6 6 4 x


 0 6 x 6 4 4


 0 7 6 6 4 0


 0 7 6 6 4 4


 0 7 6 8 9 9


 0 7 6 8 0 9


 0  11 13 13 14 x


 0 4 2 x 4 4


 Number of chord shapes listed:  63

 Chord shapes generated March 2002 by Howard Wright
