 Emaj11
 =======

 Spelling: 1, 3, (5), 7, (9), 11


 MOVEABLE BAR CHORD SHAPES:
 ---------------------------

 x 7 6 8 5 5


 12 11 13 14 x  11


 x 7 6 4 4 5


 12 11 x  14 12 11


 12 11 14 14 x  11


 OTHER MOVEABLE SHAPES:
 -----------------------

 12 11 13 14 x  x


 12 11 13 x  10 x


 x 7 6 8 x 5


 x 7 6 x 4 5


 x  7  6  8  10 x


 12 x  13 13 10 x


 12 x  x  13 10 11


 x 7 x 8 9 5


 x x 2 1 4 5


 12 11 x  8  10 x


 12 11 x  x  10 11


 12 11 x  14 x  11


 CHORD SHAPES USING OPEN STRINGS:
 ---------------------------------

 0 7 7 8 9 7


 0  11 13 14 0  0


 0 9 7 8 9 0


 0 9 7 8 9 7


 0 7 7 8 9 0


 0 6 7 4 5 4


 0 6 7 4 4 4


 0 7 6 8 5 5


 0  11 9  9  10 11


 0  11 13 14 0  x


 0  11 13 14 12 0


 0  11 13 14 12 11


 0 6 7 8 9 0


 0 9 7 8 9 x


 0  12 13 13 0  0


 0  12 13 13 0  11


 0  12 13 13 0  14


 0  12 13 13 12 0


 0  12 13 13 12 12


 0  12 13 13 12 14


 0 x 4 2 4 4


 12 11 13 14 0  0


 0 7 7 8 9 x


 0  11 13 14 0  12


 0  11 13 14 12 12


 0  12 14 13 0  11


 0 7 6 8 0 5


 0  11 13 14 12 x


 0  11 x  11 10 11


 0 6 6 4 5 5


 0 6 6 8 5 5


 Number of chord shapes listed:  48

 Chord shapes generated March 2002 by Howard Wright
