 Emaj7
 ======

 Spelling: 1, 3, (5), 7


 MOVEABLE BAR CHORD SHAPES:
 ---------------------------

 x 7 9 8 9 7


 x 7 6 4 4 4


 12 14 13 13 12 12


 x 7 6 4 4 7


 12 11 14 13 x  11


 12 11 13 13 x  11


 12 11 13 x  12 11


 12 11 x  13 12 11


 12 14 13 13 x  12


 x 7 x 8 9 7


 x 7 6 8 4 4


 12 x  13 13 12 12


 x 7 6 x 4 4


 12 11 9  9  9  11


 12 11 14 x  12 11


 x  x  x  9  9  11


 OTHER MOVEABLE SHAPES:
 -----------------------

 x 7 9 8 9 x


 x  x  14 13 12 11


 x 7 6 8 5 x


 x 7 6 8 9 x


 x 7 6 8 x x


 x x 2 4 4 4


 12 11 13 13 x  x


 x x 2 1 4 4


 12 14 13 13 x  x


 x 7 6 8 x 7


 12 11 13 x  x  x


 x x 2 1 4 x


 12 11 13 x  12 x


 12 11 13 9  x  x


 x 7 6 4 4 x


 x 7 6 8 4 x


 CHORD SHAPES USING OPEN STRINGS:
 ---------------------------------

 0 7 6 8 0 0


 x 7 6 8 0 0


 0 7 9 8 9 0


 0 7 9 8 9 7


 0 2 1 1 0 0


 0  14 13 13 0  0


 x 7 9 8 9 0


 0 7 6 4 4 4


 0 7 6 8 0 x


 0 6 6 4 5 0


 0 6 6 4 5 4


 0 6 6 4 0 0


 0 6 6 4 4 4


 0 7 6 8 5 0


 0 7 6 8 9 0


 0 7 6 8 0 7


 0 7 9 8 9 x


 0  11 14 13 12 11


 0  11 9  8  0  0


 0 2 1 1 0 x


 0 6 6 4 0 x


 12 11 13 13 0  0


 12 14 13 13 0  0


 x 7 6 8 5 0


 0 7 6 8 5 x


 0 7 6 8 x 0


 0 7 6 8 x x


 0  11 13 13 0  0


 0  11 13 13 12 0


 0  11 13 13 12 11


 0 6 6 4 5 x


 Number of chord shapes listed:  63

 Chord shapes generated March 2002 by Howard Wright
