 Emaj13
 =======

 Spelling: 1, 3, (5), 7, (9), (11), 13


 MOVEABLE BAR CHORD SHAPES:
 ---------------------------

 12 11 13 11 14 11


 12 11 13 11 14 x


 12 11 13 9  9  9


 12 x  13 13 14 12


 12 11 13 x  14 11


 12 11 x  13 14 11


 12 11 14 11 14 11


 12 11 13 x  9  9


 12 x  13 11 9  9


 12 11 14 x  14 11


 12 x  13 9  9  9


 12 11 x  14 14 11


 12 x  13 13 9  9


 12 x  13 x  9  9


 OTHER MOVEABLE SHAPES:
 -----------------------

 12 14 13 13 14 x


 x 7 9 8 9 9


 12 11 13 14 14 14


 12 11 13 13 14 x


 x 7 6 8 9 9


 12 x  13 13 14 14


 x 7 x 8 9 9


 12 11 13 x  14 14


 12 x  13 13 14 x


 12 11 13 x  14 x


 x 7 6 8 x 9


 12 x  x  13 14 11


 12 11 x  11 14 11


 12 11 13 x  x  9


 12 11 x  8  9  9


 12 11 x  x  14 11


 CHORD SHAPES USING OPEN STRINGS:
 ---------------------------------

 0 6 4 6 4 4


 0  11 11 13 12 11


 0 2 1 1 2 0


 0 2 1 1 2 2


 0 6 4 6 7 4


 0 7 9 8 9 9


 0  11 11 11 12 11


 0 2 1 1 2 x


 0  14 13 13 14 0


 0  14 13 13 14 x


 0 6 6 6 0 0


 0 6 6 6 7 0


 0 6 4 6 5 4


 0 6 7 6 4 4


 0 9 7 8 9 9


 0  11 11 11 0  11


 0  14 11 13 12 11


 0 6 6 6 5 0


 0 6 6 6 5 5


 0 6 6 6 4 0


 0 6 6 6 4 4


 0 6 4 6 x 4


 0 9 9 8 9 9


 0  11 13 11 14 11


 0  11 13 14 14 14


 0  11 11 13 14 11


 0  11 11 14 12 11


 0 6 6 6 5 x


 0 7 7 8 9 9


 0  11 11 9  9  11


 0  11 11 9  0  11


 Number of chord shapes listed:  61

 Chord shapes generated March 2002 by Howard Wright
