 Emaj7b5
 ========

 Spelling: 1, 3, b5, 7


 MOVEABLE BAR CHORD SHAPES:
 ---------------------------

 12 11 14 13 11 11


 12 11 13 13 11 11


 x  x  14 13 11 11


 x 7 6 8 9 6


 12 11 13 x  11 11


 12 13 x  13 11 11


 x 7 6 8 x 6


 12 11 x  13 11 11


 12 11 14 x  11 11


 12 13 13 13 x  12


 12 x  14 13 11 11


 12 x  13 13 11 11


 12 11 13 x  11 12


 12 11 8  8  9  x


 12 x  x  13 11 11


 12 13 x  9  9  11


 OTHER MOVEABLE SHAPES:
 -----------------------

 x x 2 3 4 4


 x 7 8 8 9 x


 12 13 13 13 x  x


 12 11 13 x  11 x


 12 x  13 13 11 x


 x  7  8  9  9  11


 x  7  8  8  9  11


 x 7 x 8 9 6


 12 13 x  13 x  11


 x 7 6 x 4 6


 12 11 x  9  11 11


 x 7 6 3 4 x


 x 7 6 3 4 4


 x  7  8  x  9  11


 12 11 x  x  11 11


 12 11 8  x  11 11


 CHORD SHAPES USING OPEN STRINGS:
 ---------------------------------

 0 7 8 8 9 0


 0 7 8 8 9 x


 0  11 14 13 11 11


 0 7 6 8 9 6


 0  13 14 13 11 11


 x 7 8 8 9 0


 0 7 6 8 x 6


 0  11 13 13 11 11


 0 1 1 1 x x


 0  13 13 13 11 0


 0  13 13 13 11 11


 0 x 2 3 4 4


 0 1 2 3 4 4


 0 1 1 1 x 0


 0  11 13 13 11 0


 0  11 13 13 11 12


 0 6 6 8 9 6


 0 6 8 8 9 x


 0  x  13 13 11 12


 0  11 13 13 11 x


 0 1 2 1 4 0


 0  13 13 13 11 x


 0 x 6 3 4 0


 0 x 1 3 4 4


 0  11 8  9  11 11


 0  11 8  8  9  x


 0  11 x  9  11 11


 0 1 2 1 4 x


 0  13 14 13 x  11


 0  13 x  13 11 11


 0 6 6 3 4 0


 Number of chord shapes listed:  63

 Chord shapes generated March 2002 by Howard Wright
