 Emmaj7
 =======

 Spelling: 1, b3, (5), 7


 MOVEABLE BAR CHORD SHAPES:
 ---------------------------

 12 14 13 12 12 12


 x 7 9 8 8 7


 x 7 5 8 5 7


 x 7 5 4 4 7


 x 7 x 8 8 7


 12 10 9  9  x  11


 12 x  13 12 12 12


 12 10 x  8  8  11


 12 10 x  8  8  12


 12 x  9  8  8  11


 12 x  9  8  8  12


 12 x  x  8  8  11


 12 x  x  8  8  12


 OTHER MOVEABLE SHAPES:
 -----------------------

 12 14 13 12 x  x


 12 10 13 12 x  x


 x 7 9 8 8 x


 x x 2 4 4 3


 x 7 5 8 x x


 x 7 5 8 8 x


 x  x  x  9  8  11


 12 10 13 x  x  x


 12 10 13 12 12 12


 x 7 5 8 5 x


 x x 2 x 4 3


 x 7 5 8 x 7


 x  7  9  8  8  11


 12 x  13 12 12 x


 x  x  14 12 12 11


 12 10 13 x  12 x


 CHORD SHAPES USING OPEN STRINGS:
 ---------------------------------

 0  14 13 0  0  0


 0 2 1 0 0 0


 0  14 13 12 0  0


 0  14 13 12 12 12


 0 6 5 0 0 0


 12 14 13 0  0  0


 0  10 9  8  0  0


 0  14 13 0  12 0


 0  14 13 0  12 12


 0 6 5 4 0 0


 12 10 13 0  0  0


 0 7 5 8 0 0


 0  10 9  8  0  x


 0  14 13 12 0  x


 0 6 5 0 5 0


 12 14 13 0  0  x


 12 14 13 12 0  0


 12 14 13 12 0  x


 0  10 13 0  0  0


 0  10 13 12 0  0


 0 2 1 0 0 x


 0 6 5 0 4 0


 0 6 5 4 0 x


 0 x 1 0 0 0


 0  10 9  0  0  11


 0  10 9  8  8  0


 0 2 1 0 0 3


 0 2 1 0 4 0


 0  14 13 0  0  12


 0  14 13 0  12 x


 0  14 13 12 0  12


 Number of chord shapes listed:  60

 Chord shapes generated March 2002 by Howard Wright
