 Emmaj9
 =======

 Spelling: 1, b3, (5), 7, 9


 MOVEABLE BAR CHORD SHAPES:
 ---------------------------

 12 14 13 12 12 14


 12 14 13 12 x  14


 12 x  13 12 12 14


 12 x  13 12 x  14


 OTHER MOVEABLE SHAPES:
 -----------------------

 12 10 13 11 x  x


 x 7 5 8 7 x


 x 7 5 8 7 7


 12 10 x  11 12 11


 12 10 x  11 x  11


 12 10 13 x  x  14


 x  7  x  11 8  11


 12 x  x  11 8  11


 CHORD SHAPES USING OPEN STRINGS:
 ---------------------------------

 0 6 4 0 0 0


 0  10 9  8  7  0


 0  10 9  8  7  7


 0 2 1 0 0 2


 0  14 13 0  0  14


 0 6 5 0 7 0


 0  10 13 11 0  0


 0 2 4 0 4 0


 0 6 4 0 4 0


 12 10 13 11 0  0


 0  10 9  8  7  x


 0  10 9  11 0  11


 0  10 9  11 12 11


 0 2 4 0 4 x


 0  14 13 0  12 14


 0  14 13 12 0  14


 0  14 13 12 12 14


 0 6 5 4 7 0


 0 6 4 0 5 0


 0 6 4 0 0 x


 0 6 4 0 4 x


 0 6 4 0 7 0


 0 7 5 8 7 0


 0  10 13 11 12 0


 0  10 13 11 12 11


 0 6 5 0 7 7


 0 6 5 0 7 x


 0 6 5 8 7 0


 0 x 4 0 4 2


 12 10 13 11 0  x


 x 7 5 8 7 0


 Number of chord shapes listed:  43

 Chord shapes generated March 2002 by Howard Wright
