 Esus4
 ======

 Spelling: 1, 4, 5


 MOVEABLE BAR CHORD SHAPES:
 ---------------------------

 x  x  14 14 12 12


 12 12 14 14 12 12


 x  7  7  9  10 7


 12 14 x  14 12 12


 12 14 14 14 12 12


 x  7  9  9  10 7


 12 12 9  9  10 x


 12 14 14 14 x  12


 12 x  14 14 12 12


 x  7  9  x  10 7


 x  7  x  9  10 7


 12 12 9  9  12 x


 12 14 x  14 x  12


 12 x  9  9  10 12


 12 x  9  9  10 x


 x 7 9 9 5 5


 OTHER MOVEABLE SHAPES:
 -----------------------

 x x 2 4 5 5


 x  x  x  9  10 7


 x  7  9  9  10 x


 x 7 7 4 5 x


 x  x  14 14 12 x


 12 14 14 14 x  x


 x 7 7 4 5 5


 x 7 7 x 5 7


 12 14 x  14 12 x


 x 7 x 4 5 5


 12 x  14 14 12 x


 x 7 7 4 x x


 x x 2 4 x 5


 x 7 7 x x 7


 x 7 7 4 x 5


 12 12 9  x  10 x


 CHORD SHAPES USING OPEN STRINGS:
 ---------------------------------

 0 0 7 9 0 0


 0 0 2 4 0 0


 0 2 2 2 0 0


 0  0  7  9  10 7


 0  0  9  9  10 0


 0 0 2 2 0 0


 0 0 2 4 5 0


 0 0 7 9 0 7


 0 0 7 4 5 0


 0 2 2 2 0 x


 0 0 2 4 5 x


 0 0 2 4 0 x


 0 0 2 x 0 0


 0  0  14 14 12 0


 0  0  14 14 12 12


 0 0 7 4 5 5


 0 0 7 4 5 x


 0 0 x 2 0 0


 0 7 7 9 0 0


 0 0 2 4 5 5


 0 0 7 9 0 x


 0 0 7 4 0 0


 0 0 9 9 0 7


 0 0 x 4 0 0


 0  7  7  9  10 7


 0 0 2 4 0 5


 0  0  14 14 0  12


 0  0  14 14 12 x


 0  0  9  9  10 12


 0  0  9  9  10 7


 0  12 14 14 0  0


 Number of chord shapes listed:  63

 Chord shapes generated March 2002 by Howard Wright
