 F6/9
 =====

 Spelling: 1, 3, (5), 6, 9


 MOVEABLE BAR CHORD SHAPES:
 ---------------------------

 x 8 7 7 8 8


 x 8 7 7 8 x


 13 12 12 12 13 x


 13 12 10 12 10 10


 x  8  7  7  8  10


 13 12 12 12 13 13


 13 12 10 12 x  10


 13 12 x  12 10 10


 13 x  12 12 10 10


 13 12 12 12 x  13


 13 x  10 12 10 10


 x  8  12 12 10 8


 1 x 5 2 3 1


 13 x  x  12 10 10


 1 5 x 2 1 3


 1 5 5 2 1 1


 OTHER MOVEABLE SHAPES:
 -----------------------

 x x 3 2 3 3


 1 x 3 2 3 3


 1 3 x 2 3 3


 13 12 12 12 x  x


 x 8 x 7 8 5


 x  8  7  x  8  10


 1 x x 2 3 3


 13 x  12 12 10 x


 x  8  10 12 10 10


 x  8  12 12 10 10


 13 12 x  12 x  10


 x  8  12 12 10 x


 1 x 5 2 3 3


 1 3 5 x 3 5


 1 x 5 2 3 x


 1 5 x 2 3 3


 CHORD SHAPES USING OPEN STRINGS:
 ---------------------------------

 1 0 0 0 1 1


 1 0 0 0 1 x


 1 0 0 0 x x


 1 0 3 2 3 3


 1 0 0 2 1 3


 1 0 3 0 3 3


 1 0 0 2 3 3


 1 3 0 2 3 3


 1 0 0 0 1 3


 1 0 3 0 3 x


 1 x 0 2 1 3


 1 0 3 x 3 3


 1 0 x 2 3 3


 1 x 0 2 3 3


 1 0 3 0 3 1


 1 0 0 0 3 1


 1 0 0 0 3 3


 1 0 0 2 x 3


 1 3 0 2 x 3


 1 0 0 x 1 3


 1 0 3 0 3 5


 1 3 0 0 3 5


 1 0 0 0 3 x


 1 0 x 0 3 1


 1 0 0 0 3 5


 1 0 0 x 3 3


 1 0 x 0 3 3


 1 x 0 2 x 3


 1 x 3 0 3 5


 1 0 0 0 x 1


 1 0 5 2 3 3


 Number of chord shapes listed:  63

 Chord shapes generated March 2002 by Howard Wright
