 Fmaj13
 =======

 Spelling: 1, 3, (5), 7, (9), (11), 13


 MOVEABLE BAR CHORD SHAPES:
 ---------------------------

 13 12 14 10 10 10


 1 x 2 2 3 1


 13 12 14 x  10 10


 13 x  14 12 10 10


 13 x  14 10 10 10


 13 x  14 14 10 10


 13 x  14 x  10 10


 OTHER MOVEABLE SHAPES:
 -----------------------

 x  8  10 9  10 10


 1 3 2 2 3 x


 x  8  7  9  10 10


 1 x 2 2 3 x


 1 x 2 2 3 3


 x  8  x  9  10 10


 x  8  7  9  x  10


 1 x 2 3 3 5


 1 x 2 2 3 5


 13 12 x  9  10 10


 13 12 14 x  x  10


 1 x 2 x 3 5


 13 12 x  9  x  10


 13 x  10 9  10 10


 13 x  x  9  10 10


 13 x  14 14 x  10


 CHORD SHAPES USING OPEN STRINGS:
 ---------------------------------

 1 0 3 2 3 0


 1 0 2 2 3 0


 1 0 2 2 3 x


 1 0 2 3 3 0


 1 0 2 3 3 3


 1 0 3 0 3 0


 1 0 2 0 3 0


 1 0 2 3 3 x


 1 0 2 2 3 3


 1 0 2 0 3 3


 1 0 2 0 3 x


 1 x 3 2 3 0


 1 x 2 2 3 0


 1 0 3 3 3 0


 1 0 2 0 3 1


 1 3 x 2 3 0


 1 0 x 2 3 0


 1 0 2 x 3 3


 1 0 3 x 3 0


 1 0 2 x 3 0


 1 0 2 x 3 1


 1 0 2 3 3 5


 1 0 2 x 3 x


 1 0 x 3 3 0


 1 0 2 2 3 5


 1 0 2 0 3 5


 1 x x 2 3 0


 1 0 3 5 3 0


 1 0 2 5 3 0


 1 0 5 2 3 0


 1 0 2 5 3 3


 Number of chord shapes listed:  54

 Chord shapes generated March 2002 by Howard Wright
