 Fmaj6/7
 ========

 Spelling: 1, 3, (5), 6, 7


 MOVEABLE BAR CHORD SHAPES:
 ---------------------------

 13 12 12 14 13 12


 13 12 14 10 10 10


 x 8 7 7 5 5


 1 x 2 2 3 1


 13 12 12 14 x  12


 13 x  12 14 13 12


 13 12 12 x  13 12


 x 8 x 7 5 5


 x  8  12 9  10 8


 13 12 14 x  10 10


 13 x  12 10 10 12


 13 x  12 14 x  12


 13 x  14 10 10 10


 1 5 2 2 1 1


 13 x  14 14 10 10


 1 5 2 2 x 1


 OTHER MOVEABLE SHAPES:
 -----------------------

 x  8  10 9  10 10


 1 3 2 2 3 x


 x  8  7  9  10 10


 x 8 7 7 5 x


 1 x 2 2 3 x


 x  8  x  9  10 10


 x  8  7  9  x  10


 1 5 3 5 5 5


 1 x 2 2 3 5


 x  8  12 10 10 12


 x  8  12 9  10 10


 x  8  12 9  10 x


 1 5 2 2 3 x


 1 5 x 5 5 5


 1 5 3 x 5 5


 13 12 12 9  x  x


 CHORD SHAPES USING OPEN STRINGS:
 ---------------------------------

 x x 3 2 3 0


 1 0 0 2 1 0


 1 0 0 2 3 0


 1 0 3 2 3 0


 1 0 2 2 3 0


 1 0 2 2 3 x


 1 3 0 2 1 0


 1 3 0 2 3 0


 1 x 0 2 1 0


 x 8 7 7 6 0


 x 8 7 7 5 0


 1 0 0 x 1 0


 1 x 3 2 3 0


 1 x 2 2 3 0


 1 3 x 2 3 0


 13 12 12 10 x  0


 13 12 12 14 x  0


 13 x  12 14 13 0


 1 0 x 2 3 0


 1 3 0 2 x 0


 1 x 0 2 3 0


 x  8  7  7  10 0


 x 8 7 7 x 0


 13 12 12 x  13 0


 1 0 3 x 3 0


 1 0 2 x 3 0


 x  8  10 7  10 0


 1 0 2 x 3 1


 1 0 2 x 3 x


 x  8  x  7  10 0


 1 0 2 2 3 5


 Number of chord shapes listed:  63

 Chord shapes generated March 2002 by Howard Wright
