 Fmaj7b5
 ========

 Spelling: 1, 3, b5, 7


 MOVEABLE BAR CHORD SHAPES:
 ---------------------------

 13 12 14 14 12 12


 1 2 2 2 x 1


 13 14 x  14 12 12


 x  8  7  9  10 7


 13 12 14 x  12 12


 13 14 14 14 x  13


 x 8 7 9 x 7


 13 12 x  14 12 12


 13 x  14 14 12 12


 13 12 14 x  12 13


 13 12 9  9  10 x


 13 x  x  14 12 12


 1 2 x 2 5 1


 13 14 x  10 10 12


 x 8 9 9 5 5


 13 12 9  9  12 x


 OTHER MOVEABLE SHAPES:
 -----------------------

 1 2 2 2 x x


 x  8  9  9  10 x


 x x 3 4 5 5


 13 14 14 14 x  x


 13 12 14 x  12 x


 13 x  14 14 12 x


 x  8  9  10 10 12


 x  8  9  9  10 12


 x  8  x  9  10 7


 1 2 3 2 5 x


 13 14 x  14 x  12


 x 8 7 x 5 7


 13 12 x  10 12 12


 1 2 2 2 5 x


 x 8 7 4 5 x


 1 x 3 4 5 5


 CHORD SHAPES USING OPEN STRINGS:
 ---------------------------------

 1 2 3 2 0 0


 1 2 2 2 0 0


 1 0 3 2 0 0


 x 8 7 9 0 0


 1 2 2 2 0 x


 1 0 2 2 0 0


 1 2 3 2 x 0


 13 12 14 14 0  0


 13 14 14 14 0  0


 x 8 7 9 0 x


 x  8  9  10 10 0


 x  8  9  9  10 0


 x x 3 2 0 0


 1 2 2 2 x 0


 1 2 x 2 0 0


 13 14 x  14 12 0


 x  8  7  10 0  0


 x 8 7 9 0 7


 1 0 2 2 0 x


 13 12 14 14 0  x


 1 0 3 4 0 0


 1 0 2 4 0 0


 13 12 14 x  0  0


 13 14 14 14 0  x


 1 0 2 2 0 1


 1 x 3 2 0 0


 13 12 14 10 0  0


 13 14 14 14 x  0


 13 14 x  14 0  0


 1 0 2 4 0 x


 13 12 x  14 0  0


 Number of chord shapes listed:  63

 Chord shapes generated March 2002 by Howard Wright
