 F#9sus4
 ========

 Spelling: 1, 4, (5), b7, 9


 MOVEABLE BAR CHORD SHAPES:
 ---------------------------

 x 9 9 9 9 9


 14 x  14 13 12 12


 2 2 2 4 2 4


 2 4 2 4 2 4


 x  9  9  11 9  12


 2 2 2 4 5 4


 2 4 2 4 x 4


 14 14 x  13 12 12


 2 2 2 4 x 4


 x x 4 4 5 4


 x  9  9  9  9  12


 2 2 x 4 5 4


 2 2 4 x 5 4


 2 2 2 x 5 4


 2 2 6 4 5 2


 2 2 6 4 5 x


 OTHER MOVEABLE SHAPES:
 -----------------------

 2 2 2 1 x x


 x 9 9 9 9 x


 2 4 4 4 5 4


 14 14 14 13 x  x


 14 x  14 13 12 x


 x 9 x 9 9 7


 2 x 4 4 5 4


 2 4 x 4 5 4


 14 x  11 13 12 12


 2 x 2 4 2 4


 2 x x 4 5 4


 x  9  11 13 12 12


 2 2 2 x x 4


 2 4 6 4 5 x


 14 14 x  13 x  12


 2 x 2 4 5 4


 CHORD SHAPES USING OPEN STRINGS:
 ---------------------------------

 2 2 2 1 0 0


 2 2 2 1 0 x


 14 14 14 13 0  0


 2 x 2 1 0 0


 x 9 9 9 9 0


 2 2 2 1 x 0


 2 x 2 1 0 2


 2 2 4 1 0 0


 2 2 x 1 2 0


 14 14 14 13 0  x


 14 x  14 13 12 0


 2 x 2 1 0 x


 14 x  14 13 0  0


 2 4 2 1 0 0


 2 2 x 1 0 0


 14 14 14 13 x  0


 14 x  14 13 0  14


 x  9  9  11 9  0


 2 2 4 1 x 0


 2 4 2 1 0 x


 14 14 11 13 0  0


 x 9 9 x 9 0


 2 4 2 x 0 4


 14 14 x  13 12 0


 14 14 x  13 14 0


 14 x  14 13 0  12


 14 x  14 13 0  x


 2 4 x 1 0 0


 2 x 4 1 0 0


 2 x 2 1 0 4


 14 x  11 13 12 0


 Number of chord shapes listed:  63

 Chord shapes generated March 2002 by Howard Wright
