 F#m11
 ======

 Spelling: 1, b3, (5), b7, (9), 11


 MOVEABLE BAR CHORD SHAPES:
 ---------------------------

 x 9 7 9 7 7


 14 12 14 13 12 12


 14 12 14 14 12 12


 x  9  7  9  10 7


 x 9 7 9 9 7


 14 12 14 x  12 12


 x 9 7 9 x 7


 14 12 x  14 12 12


 2 4 2 4 2 5


 14 x  14 14 12 12


 14 12 x  13 12 12


 14 12 14 x  12 14


 2 4 2 4 x 5


 14 x  x  14 12 12


 OTHER MOVEABLE SHAPES:
 -----------------------

 2 4 x 4 5 5


 14 x  14 14 12 x


 x  9  x  9  10 7


 14 12 14 x  12 x


 2 4 4 4 5 5


 2 x x 4 5 5


 14 x  11 14 12 12


 2 x 2 4 5 5


 2 x 4 4 5 5


 2 x 2 4 2 5


 14 12 11 x  12 12


 14 12 x  11 12 12


 2 x 6 4 5 5


 14 12 x  x  12 12


 2 x 2 4 x 5


 x 9 7 x 5 7


 CHORD SHAPES USING OPEN STRINGS:
 ---------------------------------

 2 0 2 2 0 0


 2 0 2 1 0 0


 2 0 2 2 0 2


 2 0 2 2 0 x


 2 0 2 1 0 2


 2 0 2 1 0 x


 2 0 2 4 0 0


 2 x 2 2 0 2


 2 0 4 2 0 0


 2 0 2 4 0 x


 2 x 2 2 0 0


 2 0 4 4 0 0


 2 0 2 4 2 2


 2 4 4 2 0 0


 2 0 4 1 0 0


 2 0 2 2 0 4


 2 0 2 4 x x


 2 0 2 x 0 2


 2 x 2 2 0 x


 2 0 4 4 2 0


 2 0 4 4 5 4


 2 0 2 1 0 4


 2 0 2 4 2 0


 2 0 2 4 x 0


 2 4 2 2 0 0


 2 4 x 2 0 0


 2 0 4 4 5 x


 2 0 4 4 5 0


 2 0 2 4 2 x


 2 0 2 x 0 0


 2 0 x 2 0 0


 Number of chord shapes listed:  61

 Chord shapes generated March 2002 by Howard Wright
