 F#m7add4
 =========

 Spelling: 1, b3, 4, (5), b7


 MOVEABLE BAR CHORD SHAPES:
 ---------------------------

 2 2 2 2 2 2


 14 14 14 14 14 14


 x 9 7 9 7 7


 14 12 14 14 12 12


 x  9  7  9  10 7


 14 12 14 x  12 12


 x 9 7 9 x 7


 x  9  9  11 10 12


 x  9  9  9  10 9


 x x 4 4 5 5


 2 2 4 2 5 2


 2 2 2 4 2 5


 14 12 x  14 12 12


 x  9  9  9  10 12


 2 4 2 4 2 5


 14 14 x  14 12 12


 OTHER MOVEABLE SHAPES:
 -----------------------

 2 2 2 2 x x


 14 14 14 14 x  x


 2 4 x 4 5 5


 14 x  14 14 12 x


 x  9  x  9  10 7


 14 12 14 x  12 x


 2 4 4 4 5 5


 2 x x 4 5 5


 14 x  11 14 12 12


 2 x 2 4 5 5


 2 x 4 4 5 5


 2 x 2 4 2 5


 14 14 x  14 x  12


 14 12 11 x  12 12


 14 12 x  11 12 12


 2 2 x 2 5 x


 CHORD SHAPES USING OPEN STRINGS:
 ---------------------------------

 2 0 2 2 0 0


 x 9 7 9 0 0


 2 0 2 2 0 2


 2 0 2 2 0 x


 2 2 2 2 0 0


 2 2 2 2 0 x


 2 2 x 2 2 0


 x 9 7 9 0 x


 2 0 2 4 0 0


 2 2 2 2 x 0


 2 x 2 2 0 2


 2 0 4 2 0 0


 2 0 2 4 0 x


 2 2 x 2 0 0


 2 x 2 2 0 0


 14 12 14 14 0  0


 x 9 7 9 0 9


 x x 4 2 0 0


 14 12 14 11 0  0


 14 12 14 x  0  0


 x  9  9  9  10 0


 2 0 4 4 0 0


 2 0 2 4 2 2


 2 4 4 2 0 0


 14 12 14 14 0  x


 x 9 7 6 0 0


 x  9  9  11 10 0


 2 0 2 4 x x


 2 0 2 x 0 2


 2 x 2 2 0 x


 14 12 11 14 0  0


 Number of chord shapes listed:  63

 Chord shapes generated March 2002 by Howard Wright
