 G6/7
 =====

 Spelling: 1, 3, (5), 6, b7


 MOVEABLE BAR CHORD SHAPES:
 ---------------------------

 3 5 3 4 5 3


 3 5 3 4 5 x


 x  10 12 10 12 12


 3 2 2 4 6 x


 x  10 14 10 12 13


 3 5 3 x 5 7


 x  10 9  9  12 13


 x  10 14 10 12 10


 3 7 3 4 5 3


 x  10 14 10 12 12


 3 7 3 4 3 3


 3 7 3 4 5 x


 x  10 14 10 12 x


 3 7 3 4 6 3


 x  10 9  9  x  13


 3 7 3 4 6 x


 OTHER MOVEABLE SHAPES:
 -----------------------

 x  10 9  10 12 12


 3 x 3 4 5 3


 3 x 3 4 5 x


 x  10 9  10 x  12


 x  10 x  10 12 12


 3 2 3 x 5 x


 3 2 3 x 5 3


 x  10 14 12 12 13


 3 2 2 x x 1


 3 x 2 4 x 1


 x x 5 9 6 7


 3 x 2 4 6 x


 x  10 9  9  6  x


 x x 5 4 5 1


 x  10 14 x  12 13


 x  10 x  9  6  7


 CHORD SHAPES USING OPEN STRINGS:
 ---------------------------------

 3 2 3 0 0 0


 3 2 3 0 3 0


 x  10 9  10 0  0


 3 5 3 0 0 0


 3 2 3 4 0 0


 x  10 9  10 8  0


 x  10 12 10 0  0


 3 5 3 4 0 0


 3 2 3 0 x 0


 3 2 3 4 x 0


 3 2 3 x 0 0


 3 2 3 x 3 0


 x x 5 4 6 0


 3 x 3 4 3 0


 x  10 9  10 12 0


 x  10 12 10 12 0


 3 5 3 x 0 0


 3 x 3 4 0 0


 x  10 9  10 x  0


 3 2 3 0 5 0


 3 5 3 4 x 0


 3 2 3 0 5 x


 3 2 3 x x 0


 3 x 3 4 5 0


 x  10 9  10 0  12


 3 5 0 4 6 0


 x  10 12 10 0  12


 3 2 2 0 0 1


 3 2 3 x 5 0


 3 x 5 4 6 0


 3 x 3 0 0 0


 Number of chord shapes listed:  63

 Chord shapes generated March 2002 by Howard Wright
