 G6/9
 =====

 Spelling: 1, 3, (5), 6, 9


 MOVEABLE BAR CHORD SHAPES:
 ---------------------------

 3 2 2 2 3 x


 x  10 9  9  10 x


 x  10 9  9  10 10


 3 2 2 2 3 3


 x  10 9  9  10 12


 3 2 2 2 3 5


 3 2 2 2 5 x


 3 2 2 2 x 3


 3 2 2 4 x 5


 3 2 2 x 3 5


 3 2 2 2 5 3


 3 2 2 2 x 5


 3 2 5 2 5 x


 3 2 2 2 5 5


 x  10 14 14 12 10


 3 2 2 x 5 5


 OTHER MOVEABLE SHAPES:
 -----------------------

 x x 5 4 5 5


 3 x 5 4 5 5


 3 2 2 2 x x


 3 5 x 4 5 5


 3 2 x 4 5 5


 3 x 2 4 5 5


 x  10 9  x  10 12


 x  10 x  9  10 7


 3 x x 4 5 5


 3 2 5 x 5 5


 3 x 2 4 x 5


 x  10 12 14 12 12


 3 2 x 2 5 x


 3 2 x x 5 5


 x  10 14 14 12 12


 3 2 x 2 5 5


 CHORD SHAPES USING OPEN STRINGS:
 ---------------------------------

 3 2 0 2 0 0


 3 2 0 2 3 0


 x  10 9  9  10 0


 3 2 2 2 0 0


 3 2 x 2 3 0


 x  10 9  7  10 0


 3 2 0 2 x 0


 3 2 2 2 0 x


 3 2 x 2 0 0


 3 5 0 4 5 5


 3 5 0 2 0 0


 3 2 5 2 0 0


 3 2 0 4 5 5


 3 x 0 4 5 5


 x  10 9  x  10 0


 3 2 0 0 5 5


 3 2 2 2 x 0


 x  10 9  12 10 0


 3 5 2 2 0 0


 3 x 2 2 0 3


 3 5 2 2 0 x


 3 5 x 2 0 0


 3 x 5 2 0 0


 3 x 2 2 0 0


 3 2 5 0 5 5


 3 2 5 2 x 0


 3 2 0 2 5 0


 3 2 x 2 x 0


 3 5 5 2 0 0


 3 5 7 0 0 0


 3 5 7 4 0 0


 Number of chord shapes listed:  63

 Chord shapes generated March 2002 by Howard Wright
