 Gmaj6/7
 ========

 Spelling: 1, 3, (5), 6, 7


 MOVEABLE BAR CHORD SHAPES:
 ---------------------------

 3 2 2 4 3 2


 3 x 2 4 3 2


 3 2 2 4 5 2


 3 2 2 4 x 2


 3 2 2 x 3 2


 x  10 9  9  7  7


 3 x 4 4 5 3


 3 5 2 4 x 2


 3 x 2 4 5 2


 3 2 4 x 5 2


 3 2 x 4 5 2


 3 x 2 4 x 2


 x  10 x  9  7  7


 3 2 2 x 5 2


 x  10 14 11 12 10


 3 2 5 x 5 2


 OTHER MOVEABLE SHAPES:
 -----------------------

 x  10 12 11 12 12


 3 5 4 4 5 x


 x  10 9  11 12 12


 x x 5 4 5 2


 x  10 9  9  7  x


 3 2 4 4 5 x


 x  10 x  11 12 12


 3 x 4 4 5 x


 3 2 4 x 5 x


 x  10 9  11 x  12


 3 7 5 7 7 7


 x  10 14 11 12 x


 3 x 4 4 5 7


 3 x x 4 5 2


 x  10 14 12 12 14


 x  10 14 11 12 12


 CHORD SHAPES USING OPEN STRINGS:
 ---------------------------------

 3 2 4 0 0 0


 3 5 4 0 0 0


 x  10 9  11 0  0


 x  10 12 11 0  0


 x  10 12 11 12 0


 3 2 4 0 3 0


 3 2 4 4 0 0


 x  10 9  11 8  0


 3 2 4 0 x 0


 3 2 4 x 0 0


 3 5 4 4 0 0


 x  10 9  11 12 0


 x  10 12 11 0  12


 3 5 4 x 0 0


 3 2 4 0 5 0


 3 2 4 4 x 0


 3 2 4 x 3 0


 3 5 4 4 x 0


 x  10 9  9  7  0


 x  10 9  11 0  12


 x  10 9  11 x  0


 x x 5 4 7 0


 3 x 4 4 3 0


 3 x 4 4 5 0


 3 2 4 0 5 x


 3 x 4 4 0 0


 x  10 x  11 12 0


 3 2 4 x x 0


 x  10 9  7  7  0


 x  10 9  11 7  0


 3 2 2 0 0 2


 Number of chord shapes listed:  63

 Chord shapes generated March 2002 by Howard Wright
